AGE00135039, [(1884, 126.60606060606061, 215.27272727272728), (1885, 140.95068493150686, 239.1023102310231), (1886, 143.33241758241758, 227.46107784431138), (1887, 142.0775623268698, 221.58904109589042), (1888, 136.02203856749313, 220.0986301369863), (1889, 125.58739255014326, 212.13698630136986)]
AGE00147717, [(1880, 72.45628415300547, 233.9917808219178), (1881, 87.36712328767123, 248.38082191780822), (1882, 18.441666666666666, 238.2054794520548), (1883, 90.51785714285714, 238.77380952380952), (1884, 84.81420765027322, 218.8870056497175), (1885, 75.76415094339623, 235.5693641618497), (1886, 89.64309764309765, 248.92128279883383), (1887, 88.26849315068493, 243.46153846153845), (1888, 77.46556473829202, 235.28925619834712), (1889, 71.63636363636364, 228.19819819819818)]
ASN00031010, [(1889, 228.9655172413793, 306.9032258064516)]
ASN00091049, [(1884, 108.5, 234.74074074074073)]
AU000005010, [(1880, 49.94808743169399, 122.77322404371584), (1881, 40.084931506849315, 111.52602739726028), (1882, 49.43287671232877, 122.8082191780822), (1883, 45.8027397260274, 116.21917808219177), (1884, 49.60109289617486, 124.83333333333333), (1885, 45.26301369863014, 121.13972602739726), (1886, 49.1945205479452, 120.56438356164384), (1887, 40.054794520547944, 110.43287671232876), (1888, 40.51912568306011, 109.35792349726776), (1889, 44.29041095890411, 109.48493150684932)]
BE000006447, [(1880, 57.16120218579235, 136.70218579234972), (1881, 49.276712328767125, 126.63287671232877), (1882, 58.172602739726024, 131.03287671232877), (1883, 55.04383561643836, 131.2986301369863), (1884, 59.01639344262295, 138.84699453551912), (1885, 47.21369863013699, 126.41917808219178), (1886, 53.202739726027396, 132.16986301369863), (1887, 41.43561643835616, 120.6986301369863), (1888, 44.385245901639344, 117.39344262295081), (1889, 52.07397260273972, 124.13698630136986)]
CA001167635, [(1882, -33.05084745762712, 64.77966101694915), (1883, 27.09880239520958, 65.0754716981132), (1884, 45.996350364963504, 167.6970802919708), (1888, 57.858108108108105, 166.77027027027026), (1889, 42.55807365439094, 162.80845070422535)]
CA004013480, [(1889, -88.67272727272727, 52.1875)]
CA006101658, [(1888, 17.536723163841806, 145.3370786516854), (1889, -10.964383561643835, 117.75616438356164)]
CA006106362, [(1880, -8.404371584699453, 114.76229508196721), (1881, 1.4945054945054945, 122.85989010989012), (1882, -5.529085872576177, 110.35180055401662), (1883, -23.26795580110497, 99.43093922651934), (1884, -17.724719101123597, 106.73033707865169), (1885, -18.18732782369146, 103.0633608815427), (1886, -6.237430167597766, 108.9047619047619), (1887, -14.443835616438356, 109.0415512465374), (1888, -92.5031055900621, 25.012422360248447)]
CA006149625, [(1880, 14.114754098360656, 130.18032786885246), (1881, 11.246575342465754, 133.74246575342465), (1882, 10.225274725274724, 126.48626373626374), (1883, -10.641456582633053, 109.27731092436974), (1884, 2.8961748633879782, 118.37978142076503), (1885, -7.964383561643835, 104.51506849315068), (1886, 4.526027397260274, 117.16712328767123), (1887, 5.472527472527473, 124.50824175824175), (1888, -1.6830601092896176, 114.36338797814207), (1889, 16.63186813186813, 126.34065934065934)]
CA006150243, [(1887, -6.315934065934066, 106.89010989010988), (1888, -18.060109289617486, 92.33333333333333), (1889, 1.1835616438356165, 106.47123287671234)]
CA007023240, [(1880, 5.546448087431694, 105.39617486338798), (1881, 6.938028169014085, 99.94647887323944), (1882, 6.676880222841226, 99.2284122562674), (1883, -11.355371900826446, 90.92561983471074), (1884, 0.3342618384401114, 101.79945054945055), (1885, -10.36986301369863, 85.98630136986301), (1886, -2.2054794520547945, 97.38630136986302), (1887, -7.0, 96.9041095890411), (1888, -6.560109289617486, 87.05737704918033), (1889, 12.024657534246575, 103.5095890410959)]
CA007025280, [(1880, 10.734972677595628, 110.99180327868852), (1881, 20.589041095890412, 111.58082191780822), (1882, 12.953424657534246, 98.17808219178082), (1883, -1.9698630136986301, 89.47123287671234), (1884, 9.327868852459016, 98.06830601092896), (1885, -0.536986301369863, 86.04657534246576), (1886, 8.361643835616439, 97.23835616438356), (1887, 5.890410958904109, 95.64931506849315), (1888, 3.2240437158469946, 85.93989071038251), (1889, 21.704109589041096, 102.75890410958904)]
CA007095000, [(1885, -95.59715639810426, 27.07035175879397)]
CA008104800, [(1880, 10.53825136612022, 88.33060109289617), (1881, 14.835616438356164, 87.23835616438356), (1882, 5.361643835616438, 81.26301369863013), (1883, -1.8969359331476323, 86.85793871866295), (1884, 0.23224043715846995, 89.59289617486338), (1885, -2.3917808219178083, 91.63561643835617), (1886, 3.654696132596685, 98.03867403314918), (1887, -0.38082191780821917, 92.01369863013699), (1888, -0.06318681318681318, 84.22527472527473), (1889, 20.73972602739726, 102.83835616438355)]
CA008202198, [(1880, 14.647540983606557, 111.0), (1881, 20.21095890410959, 106.93972602739726), (1882, 14.693370165745856, 103.53591160220995), (1883, 7.86027397260274, 103.6986301369863), (1884, 15.710382513661202, 105.35519125683061), (1885, 16.12876712328767, 112.56164383561644), (1886, 22.92054794520548, 116.4904109589041), (1887, 14.953424657534246, 112.9068493150685), (1888, 11.808743169398907, 101.51092896174863), (1889, 35.37260273972603, 125.54520547945205)]
CA008401125, [(1880, -107.2396694214876, -0.8), (1881, -7.678571428571429, 0.0), (1882, -19.424657534246574, 0.0), (1883, -33.293150684931504, 0.0), (1884, -138.8, 0.0)]
CE000043497, [(1880, 237.01381215469613, 306.5382513661202), (1881, 239.47671232876712, 302.8493150684931), (1882, 236.92876712328768, 301.3424657534247), (1883, 233.986301369863, 300.2191780821918), (1884, 233.15300546448088, 292.77322404371586), (1885, 234.4931506849315, 290.8109589041096), (1886, 233.31506849315068, 288.6011235955056), (1887, 230.06849315068493, 295.44884488448844), (1888, 233.30601092896174, 304.0464480874317), (1889, 235.78082191780823, 306.6876712328767)]
RSM00027051, [(1883, -40.51086956521739, 0.0), (1884, -52.84, 0.0)]
RSM00028275, [(1887, -149.8360655737705, 0.0), (1888, -51.743169398907106, 0.0), (1889, -49.99452054794521, 0.0)]
RSM00034110, [(1889, 0.17796610169491525, 83.17796610169492)]
SZ000006717, [(1880, -23.901639344262296, 24.685792349726775), (1881, -31.063013698630137, 18.4986301369863), (1882, -30.339726027397262, 19.865753424657534), (1883, -42.95890410958904, 7.794520547945205), (1884, -41.24863387978142, 12.879781420765028), (1885, -43.8054794520548, 14.967123287671233), (1886, -49.945205479452056, 20.0986301369863), (1887, -58.01917808219178, 15.706849315068494), (1888, -52.240437158469945, 17.23224043715847), (1889, -54.16438356164384, 10.586301369863014)]
USC00035754, [(1884, 203.66417910447763, 299.2631578947368), (1885, 206.44871794871796, 315.716814159292), (1886, 182.11363636363637, 309.2134831460674), (1887, 181.53521126760563, 311.07042253521126), (1888, 185.86754966887418, 308.921568627451), (1889, 156.71354166666666, 270.130890052356)]
USC00053010, [(1880, -55.595628415300546, 127.71857923497268), (1881, -39.02465753424657, 124.25205479452055), (1882, -51.3013698630137, 133.97527472527472), (1883, -25.05263157894737, 130.8125)]
USC00064767, [(1880, 42.4207650273224, 156.2295081967213), (1881, 42.8027397260274, 153.1095890410959), (1882, 36.441095890410956, 147.33150684931508), (1883, 28.487671232876714, 145.51232876712328), (1884, 39.87431693989071, 150.3224043715847), (1885, 31.34246575342466, 148.68493150684932), (1886, 35.76438356164383, 148.3972602739726), (1887, 36.44931506849315, 148.23835616438356), (1888, 28.47814207650273, 137.224043715847), (1889, 53.52054794520548, 151.2821917808219)]
USC00092475, [(1886, -22.0, 289.0)]
USC00176655, [(1885, 86.89671361502347, 142.33802816901408), (1886, -6.6490066225165565, 41.43046357615894)]
USC00191820, [(1885, 30.115068493150684, 114.02465753424657), (1886, 36.184065934065934, 110.81868131868131), (1887, 37.52694610778443, 115.1556886227545)]
USC00196770, [(1886, 48.90909090909091, 168.3262195121951), (1887, 28.750692520775623, 132.81994459833794), (1889, -30.0, -3.225806451612903)]
USC00200094, [(1889, 35.98148148148148, 63.7962962962963)]
USC00253035, [(1888, -51.653333333333336, 102.15131578947368), (1889, -21.957264957264957, 133.0672268907563)]
USC00264939, [(1885, 38.83988764044944, 180.15168539325842), (1886, 29.66849315068493, 172.7780821917808), (1887, 15.810958904109588, 171.0082191780822), (1888, 27.866071428571427, 176.73511904761904), (1889, -10.013245033112582, 132.28476821192052)]
USC00275880, [(1889, 65.59469696969697, 176.07142857142858)]
USC00275997, [(1887, -25.663716814159294, 94.12389380530973), (1888, -0.7401315789473685, 124.875), (1889, 18.375, 141.11337209302326)]
USC00474966, [(1880, 42.814207650273225, 135.86338797814207), (1881, 41.323287671232876, 133.4904109589041), (1882, 44.43013698630137, 132.72328767123287), (1883, 16.473972602739725, 110.64109589041095), (1884, 20.349726775956285, 109.3224043715847), (1885, 13.775342465753425, 101.23013698630137), (1886, 25.67945205479452, 121.61917808219178), (1887, 23.660273972602738, 123.26301369863013), (1888, 17.505464480874316, 108.7103825136612), (1889, 36.62739726027397, 126.75068493150685)]
USC00486120, [(1881, 211.0, 44.0)]
USW00013984, [(1885, 89.2, 211.97551020408164), (1886, 45.21917808219178, 170.03561643835616), (1887, 48.4027397260274, 176.93150684931507), (1888, 45.377049180327866, 175.02459016393442), (1889, 55.56164383561644, 176.96164383561643)]
USW00023068, [(1884, 64.97005988023952, 180.53592814371257), (1888, 59.680851063829785, 222.2127659574468), (1889, 34.632876712328766, 189.71506849315068)]
