AGE00147716, [(1880, 0.0, 240.5191256830601), (1881, 110.37086092715232, 228.62406015037595), (1882, 102.51506849315068, 226.85474860335196), (1883, 91.61356932153393, 231.7159090909091), (1884, 128.09562841530055, 219.10655737704917), (1885, 135.4640522875817, 232.78758169934642), (1886, 132.72980501392757, 223.22033898305085), (1887, 130.95211267605634, 220.19774011299435), (1888, 131.26404494382024, 217.1629213483146), (1889, 124.070796460177, 214.40828402366864)]
ASN00014016, [(1885, 230.3223880597015, 328.1283582089552), (1886, 237.48219178082192, 334.35616438356163), (1887, 227.14246575342466, 325.87397260273974), (1888, 234.3415300546448, 336.3224043715847), (1889, 240.53150684931506, 339.9972602739726)]
ASN00048030, [(1881, 90.04838709677419, 275.8774834437086), (1882, 112.65650969529086, 0.0), (1883, 104.31506849315069, 290.47633136094674), (1884, 104.02011494252874, 324.625), (1885, 108.1921921921922, 286.26126126126127), (1886, 110.14520547945206, 270.6684931506849), (1887, 105.58630136986301, 284.56986301369864), (1888, 128.224043715847, 299.3415300546448), (1889, 154.96986301369864, 288.18630136986303)]
ASN00052026, [(1880, 127.46666666666667, 278.89722222222224), (1881, 127.7584541062802, 269.9466019417476), (1882, 115.3125, 297.55670103092785), (1883, 115.74550898203593, 275.1556886227545), (1884, 133.22191011235955, 290.6912568306011), (1885, 125.45251396648045, 280.55128205128204), (1886, 128.6821917808219, 258.213698630137), (1887, 123.75342465753425, 253.61904761904762), (1888, 122.95027624309392, 265.27197802197804), (1889, 140.58677685950414, 250.08264462809916)]
ASN00055023, [(1880, 49.127946127946124, 287.1986531986532), (1881, 66.81848184818482, 289.34653465346537), (1882, 111.65530303030303, 296.70075757575756), (1883, 122.55409836065574, 270.2826747720365), (1884, 128.6264705882353, 261.0235294117647), (1885, 126.49683544303798, 248.7594936708861), (1886, 121.34722222222223, 239.02314814814815), (1887, 116.90283400809717, 231.05263157894737), (1888, 127.4, 267.9446808510638), (1889, 142.41596638655463, 281.3529411764706)]
ASN00090015, [(1880, 104.39617486338798, 193.89890710382514), (1881, 102.0, 190.62465753424658), (1882, 100.55068493150685, 192.75068493150684), (1883, 104.08219178082192, 200.096875), (1884, 96.78595317725753, 188.40389972144845), (1885, 91.0813953488372, 181.62258953168043), (1886, 103.85595567867036, 186.70083102493075), (1887, 106.01652892561984, 182.4251700680272), (1888, 103.97540983606558, 181.23626373626374), (1889, 108.27945205479452, 185.81714285714287)]
AU000011801, [(1880, 36.8551912568306, 136.9672131147541), (1881, 36.14794520547945, 131.0191780821918), (1882, 37.827397260273976, 136.1123287671233), (1883, 31.964383561643835, 125.83561643835617), (1884, 44.5, 126.22131147540983), (1885, 40.76438356164383, 132.46849315068494), (1886, 46.57534246575342, 130.83013698630137), (1887, 39.42739726027397, 118.0), (1888, 42.08743169398907, 120.05191256830601)]
CA001104468, [(1880, 32.540192926045016, 117.016077170418), (1881, 46.33482142857143, 142.12389380530973), (1882, -7.285714285714286, 64.16666666666667)]
CA003034480, [(1883, 63.56666666666667, 97.16666666666667), (1884, -19.391534391534393, 92.45081967213115), (1885, -17.134246575342466, 129.39178082191782), (1886, -18.898630136986302, 123.8986301369863), (1887, -39.20821917808219, 96.55616438356165), (1888, -23.120218579234972, 105.97814207650273), (1889, -8.558904109589042, 134.22739726027396)]
CA003072145, [(1880, -97.4153005464481, 50.22527472527472), (1881, -78.27123287671233, 59.843835616438355), (1882, -81.19263456090651, 70.77259475218659), (1884, -4.292887029288703, 141.5774058577406), (1886, -114.51461988304094, 34.771929824561404)]
CA004016320, [(1883, -18.30841121495327, 102.96261682242991), (1884, -70.48189415041783, 48.51532033426184), (1885, -50.635616438356166, 65.96986301369863), (1886, -53.12054794520548, 74.22465753424657), (1887, -68.13150684931507, 53.153424657534245), (1888, -55.80054644808743, 58.778688524590166), (1889, -34.58904109589041, 102.89315068493151)]
CA005023243, [(1880, -65.84426229508196, 57.47540983606557), (1881, -58.49315068493151, 71.68767123287671), (1882, -50.40821917808219, 72.06575342465753), (1883, -80.62191780821918, 47.45753424657534), (1884, -65.04371584699453, 44.095628415300546), (1885, -61.8986301369863, 60.47123287671233), (1886, -60.81369863013698, 75.83287671232877), (1887, -73.5041095890411, 63.92054794520548), (1888, -62.30327868852459, 64.80874316939891), (1889, -45.14520547945205, 92.34246575342466)]
CA006046588, [(1880, -53.23224043715847, 65.81420765027322), (1881, -37.47945205479452, 77.72876712328767), (1882, -33.67123287671233, 78.12602739726027), (1883, -68.17534246575343, 61.583561643835615), (1884, -54.775956284153004, 64.82786885245902), (1885, -54.772602739726025, 57.772602739726025), (1886, -44.72054794520548, 68.16986301369863), (1887, -49.76986301369863, 63.989041095890414), (1888, -50.31693989071038, 59.560109289617486), (1889, -29.126027397260273, 85.24931506849315)]
CA006075400, [(1880, -72.24793388429752, 34.92286501377411), (1881, -67.23615160349854, 41.08163265306123), (1882, -189.00757575757575, -64.71212121212122), (1889, -127.34177215189874, -27.696202531645568)]
CA006094450, [(1880, 5.4316939890710385, 98.09289617486338), (1881, -8.095238095238095, 86.96666666666667), (1886, 30.017241379310345, 124.98850574712644), (1887, -7.598337950138504, 101.16388888888889), (1888, -9.028011204481793, 87.24649859943978), (1889, 14.408219178082192, 108.74520547945205)]
CA006142252, [(1889, 24.79874213836478, 117.99371069182389)]
CA006143083, [(1881, 86.99555555555555, 183.19574468085105), (1882, 28.480555555555554, 119.77285318559557), (1883, 4.898351648351649, 107.31593406593407), (1884, 5.286885245901639, 120.51912568306011), (1885, -13.572727272727272, 99.21212121212122), (1886, 4.624657534246575, 118.62465753424658), (1887, 6.016483516483516, 121.9641873278237), (1888, 0.48342541436464087, 110.89531680440771), (1889, 9.389972144846796, 126.08100558659218)]
CA006150913, [(1880, 27.158640226628894, 120.84426229508196), (1881, 22.715068493150685, 124.64931506849315), (1882, 12.510263929618768, 109.32058823529412), (1883, -1.6712328767123288, 101.33424657534246), (1884, 6.415300546448087, 111.94535519125684), (1885, -12.138643067846608, 91.79464285714286), (1886, 4.221590909090909, 109.43019943019944), (1887, 6.337078651685394, 118.50140845070422), (1888, 4.5710382513661205, 110.03551912568307)]
CA006160465, [(1882, -54.561797752808985, 46.70454545454545), (1883, -43.554913294797686, 82.54913294797687), (1884, -35.95, 100.4298245614035), (1885, -42.50898203592814, 96.90390390390391), (1886, -155.41573033707866, -13.910112359550562), (1889, -58.21951219512195, 35.25609756097561)]
CA007021954, [(1880, 43.382075471698116, 145.99530516431926), (1881, -1.7743732590529249, 109.73184357541899), (1882, -11.91388888888889, 101.48055555555555), (1883, -24.082872928176794, 97.22375690607734), (1884, 2.6149425287356323, 106.17260273972603), (1885, -20.330532212885153, 98.80672268907563), (1886, -13.456582633053221, 111.30812324929973), (1887, -11.74251497005988, 112.23652694610779)]
CA007050790, [(1881, -8.498245614035088, 50.14385964912281), (1882, -7.167123287671233, 62.221917808219175), (1883, -8.832876712328767, 65.28219178082192), (1884, -11.901639344262295, 58.349726775956285), (1885, -4.117808219178082, 66.15068493150685), (1886, 5.101369863013699, 73.67945205479452), (1887, -4.249315068493151, 65.6109589041096), (1888, -3.180327868852459, 65.16120218579235), (1889, 7.271232876712329, 76.8)]
CA007061440, [(1880, -151.44827586206895, 11.415584415584416), (1881, -78.12307692307692, 30.653846153846153), (1882, -40.89310344827586, 87.53793103448275), (1883, -41.263345195729535, 90.1), (1884, -42.507751937984494, 60.34177215189873), (1885, -48.11357340720222, 65.6657458563536), (1886, -41.21590909090909, 70.07670454545455), (1887, -39.87536231884058, 72.59428571428572), (1888, -40.421203438395416, 71.98850574712644), (1889, -27.58073654390935, 86.80681818181819)]
CA008101700, [(1880, -17.188524590163933, 110.69398907103825), (1881, -5.164383561643835, 108.96986301369863), (1882, -17.356164383561644, 103.88493150684931), (1883, -30.172602739726027, 99.86849315068493), (1884, -17.846994535519126, 101.56557377049181), (1885, -21.54794520547945, 104.68767123287671), (1886, -10.26849315068493, 104.33150684931506), (1887, -15.575342465753424, 98.77808219178083), (1888, -14.062841530054644, 93.02459016393442), (1889, 5.101369863013699, 116.07123287671233)]
CA008206490, [(1880, 21.87123287671233, 111.58904109589041), (1881, 27.804532577903682, 104.75428571428571), (1882, 22.569014084507042, 91.75071633237822), (1883, 16.506849315068493, 93.3972602739726), (1884, 26.10928961748634, 98.3415300546448), (1885, 25.517808219178082, 107.0864553314121), (1886, 18.29106628242075, 111.35795454545455), (1887, 19.087671232876712, 106.47945205479452), (1888, 22.661202185792348, 91.90163934426229), (1889, 42.11506849315069, 117.1972602739726)]
CA008300441, [(1880, -9.581967213114755, 91.17213114754098), (1881, -2.7793296089385473, 86.62011173184358), (1882, -10.746438746438747, 82.80626780626781), (1883, -17.506849315068493, 88.24931506849315), (1884, -14.07103825136612, 80.57103825136612), (1885, -9.824657534246576, 91.72876712328767), (1886, -4.082191780821918, 96.7972602739726), (1887, -11.876712328767123, 88.84657534246575), (1888, -11.238356164383562, 82.36612021857924), (1889, 8.6, 110.42465753424658)]
CA008403500, [(1880, 0.04918032786885246, 83.49726775956285), (1881, 0.8410958904109589, 83.75068493150685), (1882, -6.120547945205479, 88.59178082191781), (1883, -7.201657458563536, 106.2396694214876), (1884, -11.084699453551913, 80.74863387978142), (1885, 7.293150684931507, 88.99178082191781), (1886, 9.115068493150686, 96.6), (1887, 1.073972602739726, 89.90958904109588), (1888, 3.2950819672131146, 80.00819672131148), (1889, 22.94413407821229, 111.83240223463687)]
EZE00100082, [(1880, 58.71857923497268, 130.62568306010928), (1881, 47.778082191780825, 116.31506849315069), (1882, 61.273972602739725, 129.17808219178082), (1883, 55.1945205479452, 122.53972602739726), (1884, 60.1448087431694, 130.0655737704918), (1885, 56.967123287671235, 128.1068493150685), (1886, 58.893150684931506, 128.96438356164384), (1887, 48.942465753424656, 116.68219178082192), (1888, 49.27049180327869, 116.44535519125684), (1889, 56.16438356164384, 120.59178082191781)]
RSM00023804, [(1888, -4.817843866171004, 0.0), (1889, -29.395604395604394, 0.0)]
RSM00027857, [(1881, -29.468842729970326, 0.0), (1882, -7.542465753424658, 0.0), (1883, -11.347945205479451, 0.0), (1884, -21.366120218579233, 0.0), (1887, -7.6876712328767125, 0.0)]
RSM00029348, [(1887, 94.0, 247.0)]
TS000060765, [(1887, 122.47802197802197, 258.532967032967), (1888, 99.45054945054945, 229.34806629834253), (1889, 137.02191780821917, 256.3972602739726)]
UK000047811, [(1880, 53.3551912568306, 123.80054644808743), (1881, 46.013698630136986, 115.14520547945206), (1882, 53.42739726027397, 123.57260273972602), (1883, 46.66575342465753, 121.46301369863014), (1884, 49.62841530054645, 129.3551912568306), (1885, 44.06027397260274, 120.25753424657535), (1886, 46.02739726027397, 116.78356164383561), (1887, 46.45205479452055, 123.67945205479452), (1888, 46.28142076502732, 119.22950819672131), (1889, 54.1945205479452, 125.33150684931506)]
UPM00033910, [(1885, 53.484931506849314, 0.0), (1886, 56.92328767123288, 0.0), (1887, 62.26575342465753, 0.0), (1889, 52.54545454545455, 0.0)]
UPM00033946, [(1886, 87.04081632653062, 0.0), (1887, 58.667655786350146, 0.0), (1888, 51.885714285714286, 0.0), (1889, 57.970238095238095, 0.0)]
USC00023096, [(1883, 161.49382716049382, 306.65432098765433), (1889, 118.90119760479043, 212.73952095808383)]
USC00035186, [(1884, 121.38271604938272, 291.18407960199005), (1885, 167.5, 297.67597765363126), (1886, 180.4240506329114, 301.6158536585366), (1887, 163.37878787878788, 300.29891304347825), (1888, 164.17877094972067, 300.5195530726257), (1889, 131.08878504672896, 260.1121495327103)]
USC00043157, [(1880, 0.0, 150.98907103825135), (1881, 0.0, 179.92602739726027), (1882, 23.240816326530613, 184.34057971014494), (1883, -10.257534246575343, 170.4904109589041), (1884, 15.836065573770492, 151.80054644808743), (1885, 41.77302631578947, 180.92763157894737), (1886, 28.980821917808218, 159.52307692307693), (1887, 20.432876712328767, 164.04109589041096), (1888, 27.811475409836067, 172.76775956284152), (1889, 28.410958904109588, 175.0)]
USC00194012, [(1885, 6.6878453038674035, 154.675), (1888, 27.401960784313726, 168.0033222591362)]
USC00194405, [(1885, 114.17391304347827, 183.22826086956522), (1886, 120.17934782608695, 194.80978260869566), (1887, 123.88586956521739, 191.52717391304347)]
USC00195317, [(1887, -16.36842105263158, 81.02631578947368), (1888, -85.85393258426966, 16.786516853932586)]
USC00196988, [(1884, -52.205882352941174, 1.3055555555555556), (1885, 19.796143250688704, 102.3489010989011), (1886, 31.02747252747253, 111.13150684931507), (1887, 24.9010989010989, 107.08493150684932), (1888, 15.382513661202186, 92.3743169398907), (1889, -20.41304347826087, 50.108695652173914)]
USC00241418, [(1882, -78.0, -11.0)]
USC00260507, [(1887, -13.340659340659341, 91.17582417582418), (1888, 33.34530386740332, 163.19945355191257), (1889, 17.314685314685313, 175.13636363636363)]
USC00266252, [(1888, 14.446022727272727, 183.33879781420765), (1889, 6.798165137614679, 198.57808219178082)]
USC00301010, [(1880, 48.650273224043715, 121.90983606557377), (1881, 45.054794520547944, 124.66027397260274), (1882, 46.915068493150685, 119.23561643835616), (1883, 30.5972602739726, 114.75342465753425), (1884, 37.549180327868854, 119.66939890710383), (1885, 27.69041095890411, 108.16438356164383), (1886, 40.44931506849315, 120.83561643835617), (1887, 42.515068493150686, 126.9972602739726), (1888, 32.96448087431694, 108.93989071038251), (1889, 49.484931506849314, 119.78356164383561)]
USC00422996, [(1887, -378.2903225806452, -44.61290322580645), (1888, -44.89344262295082, 164.7431693989071), (1889, -5.380821917808219, 153.46849315068494)]
USC00431072, [(1883, 0.0, -5.032258064516129), (1884, -66.7109375, 110.88709677419355), (1885, -92.90265486725664, 116.54573170731707), (1886, -65.1328125, 89.93928571428572), (1887, -73.12037037037037, 92.36531365313652), (1888, -83.29166666666667, 101.80124223602485), (1889, -44.408, 118.7109634551495)]
USC00463100, [(1882, -14.107142857142858, 97.78571428571429)]
USC00475484, [(1880, 40.92622950819672, 128.12295081967213), (1881, 42.104109589041094, 121.76986301369863), (1882, 48.4027397260274, 124.89315068493151), (1883, 22.345205479452055, 106.33698630136986), (1884, 26.0327868852459, 110.49726775956285), (1885, 12.961643835616439, 99.65753424657534), (1886, 25.397260273972602, 115.37808219178082), (1887, 28.301369863013697, 117.12602739726027), (1888, 22.10655737704918, 105.00546448087432), (1889, 39.010958904109586, 118.32328767123288)]
USW00014936, [(1881, 45.29347826086956, 161.40217391304347), (1882, 5.947945205479452, 133.3178082191781), (1883, -10.898630136986302, 114.93698630136986), (1884, -10.092896174863387, 119.85792349726776), (1885, -1.6465753424657534, 122.10684931506849), (1886, -6.978082191780822, 130.44931506849315), (1887, -13.158904109589042, 121.62465753424658), (1888, -14.172131147540984, 120.0464480874317), (1889, 0.3972602739726027, 138.47397260273974)]
USW00024128, [(1880, 2.9201183431952664, 172.28994082840237), (1881, 17.4, 173.41095890410958), (1882, 4.421917808219178, 159.96438356164384), (1883, -29.64457831325301, 123.53012048192771), (1884, -51.483870967741936, 66.3225806451613), (1885, 33.364383561643834, 180.7917808219178), (1886, 17.13150684931507, 177.4191780821918), (1887, 7.306849315068493, 178.73150684931508), (1888, 19.90983606557377, 178.39617486338798), (1889, 20.66849315068493, 179.0904109589041)]
UZM00038618, [(1881, -9.8, 0.0), (1882, 55.016666666666666, 0.0), (1883, 68.41643835616438, 0.0), (1884, 65.8224043715847, 0.0), (1888, 83.08743169398907, 0.0), (1889, 64.32054794520548, 0.0)]
