AGE00147719, [(1888, 93.06590257879657, 265.2011494252874), (1889, 87.18213058419244, 260.0740740740741)]
AJ000037735, [(1882, 96.55228758169935, 210.9346405228758)]
AM000037789, [(1886, 45.172602739726024, 0.0), (1887, 49.21643835616438, 0.0), (1888, -15.262295081967213, 0.0), (1889, 62.76438356164383, 0.0)]
ASN00015540, [(1880, 124.64207650273224, 306.5109289617486), (1881, 133.05205479452056, 303.55890410958904), (1882, 133.57260273972602, 284.91506849315067), (1883, 120.37637362637362, 298.05753424657536), (1884, 126.74863387978142, 299.6639344262295), (1885, 118.48901098901099, 296.6849315068493), (1886, 124.30684931506849, 295.1868131868132), (1887, 122.47397260273972, 289.90410958904107), (1888, 133.2554945054945, 301.22677595628414), (1889, 139.15890410958903, 301.213698630137)]
ASN00076077, [(1889, 96.86138613861387, 225.26237623762376)]
CA003031093, [(1881, -121.71641791044776, 17.029850746268657), (1882, -103.86324786324786, 38.504273504273506), (1884, -30.78804347826087, 104.21739130434783), (1885, -32.34550561797753, 121.79213483146067), (1886, -39.83835616438356, 106.61917808219178), (1887, -54.26575342465753, 81.44383561643835), (1888, -37.97540983606557, 91.42622950819673), (1889, -27.473972602739725, 123.40273972602739)]
CA003032680, [(1885, 40.857142857142854, 173.06349206349208), (1886, -73.32727272727273, 65.50909090909092)]
CA004016560, [(1883, -239.83870967741936, -107.35483870967742), (1884, -82.13661202185793, 52.275956284153004), (1885, -59.057534246575344, 75.0958904109589), (1886, -61.73424657534247, 77.21095890410959), (1887, -74.68767123287671, 61.36986301369863), (1888, -308.741935483871, -203.67741935483872)]
CA004028035, [(1885, -108.41935483870968, 1.8387096774193548), (1886, -36.55922865013774, 106.80716253443526), (1887, -54.09041095890411, 81.32328767123288), (1888, -45.978142076502735, 90.02185792349727), (1889, -31.065753424657533, 123.9013698630137)]
CA005022547, [(1880, -65.80601092896175, 62.44808743169399), (1881, -53.50410958904109, 77.06027397260274), (1882, -77.54605263157895, 57.36842105263158), (1883, -87.62191780821918, 52.6986301369863), (1884, -76.9672131147541, 57.40710382513661), (1885, -52.68904593639576, 78.85159010600707)]
CA005022790, [(1880, -59.581717451523545, 63.96338028169014), (1881, -39.51304347826087, 105.46666666666667), (1882, 0.0, 77.98520710059172), (1883, -68.53221288515407, 46.39171974522293), (1884, -62.24657534246575, 59.87123287671233), (1885, -71.55524861878453, 67.57617728531856), (1886, -60.035714285714285, 75.50824175824175), (1887, -70.20821917808219, 65.24657534246575), (1888, -61.40163934426229, 69.58196721311475), (1889, -44.443835616438356, 100.18630136986302)]
CA005063350, [(1880, -133.3306010928962, -43.904371584699454), (1881, -118.65205479452055, -18.378082191780823), (1882, -106.68219178082192, -4.16986301369863), (1883, -220.9880239520958, -130.67664670658684), (1885, -177.6086956521739, -117.81521739130434), (1886, -125.3013698630137, -39.515068493150686), (1887, -150.42739726027398, -60.704109589041096), (1888, -133.92896174863387, -53.404371584699454), (1889, -115.25943396226415, -22.30188679245283)]
CA006057595, [(1889, 24.04, 130.725)]
CA006100969, [(1885, 28.350993377483444, 122.58940397350993), (1886, 14.73816155988858, 113.6878453038674)]
CA006101872, [(1880, 8.969945355191257, 121.81693989071039), (1881, 14.136986301369863, 120.79452054794521), (1882, 6.695890410958904, 110.77808219178083), (1883, -8.975342465753425, 103.96712328767123), (1884, 3.210382513661202, 109.74863387978142), (1885, -6.901369863013699, 97.46301369863014), (1886, 1.4465753424657535, 109.98901098901099), (1887, -2.6904109589041094, 108.22191780821917)]
CA006110458, [(1889, -45.98360655737705, 43.47540983606557)]
CA006110605, [(1880, -17.1775956284153, 104.93442622950819), (1881, -12.126027397260273, 116.79178082191781), (1882, -18.528767123287672, 103.2986301369863), (1883, -38.99178082191781, 84.86301369863014), (1884, -22.3551912568306, 95.34520547945205), (1885, -32.0986301369863, 80.13424657534246), (1886, -21.421917808219177, 92.67671232876712), (1887, -26.257534246575343, 97.28219178082192), (1888, -26.595628415300546, 84.10928961748634), (1889, -1.5178082191780822, 102.88493150684931)]
CA006112171, [(1882, 13.204918032786885, 94.48360655737704), (1883, -0.7890410958904109, 85.69315068493151), (1884, 11.221917808219178, 101.10684931506849), (1885, -2.304109589041096, 86.47802197802197), (1886, 10.537396121883656, 103.06060606060606), (1887, 9.069832402234637, 106.05263157894737), (1888, -1.5534246575342465, 93.4532967032967), (1889, 18.220055710306408, 111.6340782122905)]
CA006116128, [(1880, 15.78688524590164, 117.68032786885246), (1881, 20.136986301369863, 128.03013698630136), (1882, 9.167123287671233, 110.48219178082192), (1883, -14.199445983379501, 92.14681440443213), (1884, -6.502732240437158, 101.21095890410959), (1885, -24.057692307692307, 84.68406593406593), (1886, 4.851485148514851, 102.3036303630363), (1887, -10.437673130193906, 113.36754966887418), (1888, 10.626865671641792, 109.83283582089553), (1889, 12.386301369863014, 111.76438356164384)]
CA006122845, [(1880, 39.63387978142077, 119.19125683060109), (1881, 36.55068493150685, 119.78356164383561), (1882, 41.02465753424657, 119.36986301369863), (1883, 17.027397260273972, 102.45479452054795), (1884, 29.07103825136612, 112.60928961748634), (1885, 10.95068493150685, 97.8986301369863), (1886, 23.065753424657533, 108.66027397260274), (1887, 24.361643835616437, 112.69589041095891)]
CA006140941, [(1881, 74.35249042145594, 202.05343511450383), (1882, 21.99142857142857, 131.8942857142857), (1883, -42.121212121212125, 69.74242424242425), (1884, 8.786703601108034, 127.65927977839335), (1885, -4.590909090909091, 111.2215909090909), (1886, 27.87037037037037, 127.10364145658264), (1887, 17.02770083102493, 135.6778711484594), (1888, 6.59065934065934, 122.57575757575758), (1889, -34.20666666666666, 74.63333333333334)]
CA006144505, [(1883, 27.326797385620914, 139.52287581699346), (1884, 13.167123287671233, 119.95342465753424), (1885, 1.5041095890410958, 103.7972602739726), (1886, 14.578082191780823, 116.37534246575342), (1887, 17.873972602739727, 120.44109589041096), (1888, 10.565573770491802, 110.13661202185793), (1889, 27.553424657534247, 126.54246575342465)]
CA006147340, [(1888, -57.064516129032256, 10.32258064516129), (1889, 21.019178082191782, 125.9972602739726)]
CA006158350, [(1880, 30.918032786885245, 118.86065573770492), (1881, 32.93150684931507, 124.21369863013699), (1882, 31.076712328767123, 117.89315068493151), (1883, 6.402739726027397, 100.95616438356164), (1884, 16.516393442622952, 111.07103825136612), (1885, 4.287671232876712, 98.61643835616438), (1886, 18.03287671232877, 110.02739726027397), (1887, 19.356164383561644, 114.6054794520548), (1888, 13.60655737704918, 105.74863387978142), (1889, 32.704109589041096, 118.75068493150685)]
CA006163156, [(1888, 26.438095238095237, 145.6904761904762), (1889, -4.002747252747253, 108.51780821917808)]
CA007056067, [(1880, -29.204918032786885, 62.387978142076506), (1881, -22.336088154269973, 67.3030303030303), (1882, -31.767123287671232, 57.79178082191781), (1883, -43.92602739726028, 55.66301369863014), (1884, -43.81147540983606, 51.17486338797814), (1885, -29.1768115942029, 52.0986301369863), (1886, -29.775342465753425, 57.83835616438356), (1887, -36.986301369863014, 50.0986301369863), (1888, -36.224043715846996, 48.95628415300546), (1889, -19.40821917808219, 66.43561643835616)]
CA008100500, [(1880, -17.0, 87.61980830670926), (1881, -56.85087719298246, 44.016949152542374), (1882, -21.20655737704918, 98.72786885245901), (1883, -48.42238267148014, 75.35018050541517), (1884, -27.674418604651162, 93.61627906976744), (1885, -22.20234604105572, 100.80351906158357), (1886, -23.392156862745097, 104.1484593837535), (1887, -35.76601671309192, 95.36944444444444), (1888, -24.799418604651162, 101.84507042253522), (1889, -2.2521246458923514, 127.47025495750708)]
CA008204480, [(1885, 4.576086956521739, 141.56521739130434), (1886, 0.8792270531400966, 91.77830188679245), (1887, -45.71910112359551, 11.247191011235955), (1888, -33.32258064516129, 25.225806451612904)]
CA008205698, [(1880, -2.4562841530054644, 99.13387978142076), (1881, 7.673972602739726, 96.84109589041095), (1882, 3.43013698630137, 93.44657534246575), (1883, -3.2986301369863016, 96.9068493150685), (1884, 1.5765027322404372, 96.35245901639344), (1885, 3.3232876712328765, 102.23561643835616), (1886, 17.345205479452055, 110.81369863013698), (1887, 8.23013698630137, 103.04931506849314), (1888, 6.7349726775956285, 97.47814207650273), (1889, 24.824657534246576, 122.62191780821918)]
DA000021100, [(1880, 49.885245901639344, 106.38524590163935), (1881, 33.31506849315068, 84.86301369863014), (1882, 57.33150684931507, 106.41643835616438), (1883, 49.775342465753425, 100.41643835616438), (1884, 57.87431693989071, 107.76775956284153), (1885, 45.104109589041094, 93.9945205479452), (1886, 42.875, 97.41369863013699), (1887, 44.97808219178082, 97.13424657534246), (1888, 38.98082191780822, 87.04918032786885), (1889, 55.26575342465753, 104.16164383561645)]
ITE00100550, [(1880, 97.45901639344262, 177.78415300546447), (1881, 110.18356164383562, 160.73150684931508), (1882, 102.42465753424658, 176.48219178082192), (1883, 100.73698630136987, 163.33424657534246), (1884, 102.62021857923497, 166.47540983606558), (1885, 102.2986301369863, 167.05205479452056), (1886, 95.1041095890411, 173.81917808219177), (1887, 97.1013698630137, 167.03835616438357), (1888, 92.33879781420765, 170.06284153005464), (1889, 96.7013698630137, 167.58904109589042)]
RSM00022550, [(1881, -17.97069597069597, 42.73260073260073), (1882, -10.113772455089821, 41.90718562874252), (1883, -7.616438356164384, 45.11506849315069), (1884, -31.76775956284153, 23.10655737704918), (1885, -32.81095890410959, 30.389041095890413), (1886, -11.715068493150685, 39.843835616438355), (1887, -17.073972602739726, 40.81095890410959), (1888, -40.10655737704918, 17.956284153005466), (1889, -8.016438356164384, 44.47123287671233)]
RSM00023711, [(1888, -66.14851485148515, 0.0), (1889, -36.19867549668874, 0.0)]
RSM00030710, [(1887, -78.5068493150685, 65.66027397260274), (1888, -86.73770491803279, 55.71584699453552), (1889, -91.28493150684932, 47.18904109589041)]
UK000000000, [(1880, 0.0, 64.0), (1881, 48.88767123287671, 122.83013698630137), (1882, 57.915068493150685, 131.55616438356165), (1883, 52.20821917808219, 128.3232876712329), (1884, 59.46174863387978, 137.51092896174865), (1885, 47.46027397260274, 124.45753424657535), (1886, 51.73972602739726, 122.87945205479453), (1887, 42.397260273972606, 123.74794520547945), (1888, 47.76502732240437, 117.1775956284153), (1889, 54.33150684931507, 126.22191780821917)]
UPM00033889, [(1887, 58.777472527472526, 186.91538461538462), (1888, 46.723287671232875, 192.6), (1889, 40.193251533742334, 143.70625)]
UPM00033976, [(1882, 101.21369863013699, 150.6), (1883, 48.14150943396226, 90.39150943396227), (1885, 101.17534246575343, 148.55890410958904)]
USC00012386, [(1889, 95.36363636363636, 0.0)]
USC00034988, [(1883, 145.61290322580646, 247.7741935483871), (1884, 91.95879120879121, 208.98901098901098), (1885, 87.45429362880887, 206.4793388429752), (1886, -33.847457627118644, 64.83050847457628)]
USC00046115, [(1888, 175.22282608695653, 320.6358695652174), (1889, 145.0, 274.793427230047)]
USC00047738, [(1880, 109.67486338797814, 188.77322404371586), (1881, 117.14246575342466, 200.0027397260274), (1882, 115.23013698630137, 197.013698630137), (1883, 124.55068493150685, 205.0027397260274), (1884, 120.98087431693989, 200.827868852459), (1885, 129.3835616438356, 210.36986301369862), (1886, 125.16986301369863, 198.14520547945204), (1887, 123.27945205479452, 195.46027397260275), (1888, 131.82513661202185, 199.18032786885246), (1889, 127.40821917808219, 212.0109589041096)]
USC00174230, [(1885, -25.348837209302324, 57.252873563218394), (1886, 6.108882521489972, 112.81024096385542), (1887, -24.786713286713287, 75.11827956989248), (1888, -6.509578544061303, 74.6526717557252), (1889, 31.09667673716012, 116.67272727272727)]
USC00190595, [(1885, 79.84210526315789, 165.40758293838863), (1886, -1.539906103286385, 81.67136150234742), (1887, -99.72413793103448, -14.11864406779661), (1888, 8.350819672131147, 94.11475409836065), (1889, 14.821138211382113, 83.89430894308943)]
USC00193625, [(1885, -3.5543478260869565, 0.0), (1886, 26.23076923076923, 0.0), (1887, 27.635616438356163, 0.0), (1888, 20.24858757062147, 383.0), (1889, 41.889830508474574, 0.0)]
USC00194360, [(1885, 15.119565217391305, 90.22826086956522), (1886, 46.15890410958904, 126.5095890410959), (1887, 43.74175824175824, 123.66849315068494), (1888, 36.48087431693989, 115.17486338797814), (1889, 58.635820895522386, 131.5313432835821)]
USC00194795, [(1885, 74.33061224489796, 178.58775510204083), (1886, 32.88219178082192, 138.87671232876713), (1887, 36.9041095890411, 136.32602739726028), (1888, 25.161643835616438, 125.94808743169399), (1889, 45.48760330578512, 142.58356164383562)]
USC00201215, [(1889, 126.96774193548387, 214.20967741935485)]
USC00202466, [(1889, 149.11290322580646, 272.2096774193548)]
USC00252065, [(1889, 181.82051282051282, 292.37068965517244)]
USC00261395, [(1889, 86.73818181818181, 205.3822393822394)]
USC00268349, [(1888, -20.283185840707965, 127.92035398230088), (1889, -2.9541547277936964, 151.49137931034483)]
USC00271682, [(1880, 31.081967213114755, 156.52732240437157), (1881, 32.778082191780825, 149.53150684931506), (1882, 21.528767123287672, 145.91232876712328), (1883, 10.263013698630138, 137.95342465753424), (1884, 26.674863387978142, 132.84972677595627), (1885, 15.035616438356165, 126.72328767123288), (1886, 24.90684931506849, 134.84931506849315), (1887, 25.731506849315068, 129.67123287671234), (1888, 17.669398907103826, 120.96174863387978), (1889, 35.20821917808219, 141.2931506849315)]
USC00288878, [(1880, 101.07945205479452, 175.02739726027397), (1881, -44.610169491525426, 28.64406779661017), (1887, 130.93406593406593, 196.07142857142858), (1888, 90.25956284153006, 158.39617486338798), (1889, 99.35068493150685, 171.54246575342466)]
USC00338366, [(1880, 69.26502732240438, 153.38524590163934), (1881, 70.3013698630137, 151.23013698630137), (1882, 66.42465753424658, 147.6821917808219), (1883, 47.66301369863014, 137.5945205479452), (1884, 55.69125683060109, 144.34972677595627), (1885, 40.25205479452055, 128.57260273972602), (1886, 40.88767123287671, 138.72328767123287), (1887, 46.0027397260274, 142.7945205479452), (1888, 39.459016393442624, 134.34699453551912), (1889, 53.441095890410956, 145.90684931506848)]
USC00464897, [(1889, 108.3723849372385, 184.94979079497907)]
USW00013724, [(1880, 77.79508196721312, 157.9672131147541), (1881, 79.68767123287671, 150.9095890410959), (1882, 76.27671232876712, 149.94520547945206), (1883, 68.96438356164384, 143.73698630136985), (1884, 76.5327868852459, 152.38251366120218), (1885, 65.78630136986301, 145.06575342465754), (1886, 69.33972602739726, 148.01643835616437), (1887, 75.58356164383562, 150.2986301369863), (1888, 65.17213114754098, 143.77868852459017), (1889, 80.64657534246575, 146.2219178082192)]
