AGE00147713, [(1880, 79.93939393939394, 207.63287671232877), (1881, 79.34246575342466, 214.39178082191782), (1882, 69.0415512465374, 210.47619047619048), (1886, 97.62949640287769, 222.97491039426524), (1887, 82.69578313253012, 205.98159509202455), (1888, 74.66101694915254, 203.2130681818182), (1889, 69.1455938697318, 173.63636363636363)]
ASN00044022, [(1889, 116.39183673469388, 257.2887029288703)]
ASN00065016, [(1880, 112.32786885245902, 264.8415300546448), (1881, 103.78904109589041, 247.46849315068494), (1882, 110.52602739726028, 252.3123287671233), (1883, 98.29752066115702, 238.74520547945207), (1884, 84.03825136612022, 241.94808743169398), (1885, 95.59943977591037, 259.08813559322033), (1886, 94.63013698630137, 237.76954732510288), (1887, 89.51506849315068, 336.9032258064516), (1888, 90.10655737704919, 270.70652173913044), (1889, 130.53698630136986, 239.2986301369863)]
ASN00094029, [(1882, 69.81454545454545, 148.36), (1883, 88.48209366391184, 170.14958448753464), (1884, 76.4478021978022, 165.17403314917127), (1885, 75.40273972602739, 163.37808219178083), (1886, 73.71232876712328, 164.13150684931506), (1887, 77.21095890410959, 170.52328767123288), (1888, 71.76923076923077, 167.4010989010989), (1889, 79.87671232876713, 169.33698630136988)]
AU000015410, [(1886, -134.4262295081967, -80.49180327868852), (1887, -98.05479452054794, -49.83561643835616), (1888, -92.24043715846994, -45.3551912568306), (1889, -92.98904109589041, -49.03013698630137)]
CA001114620, [(1881, 38.68975903614458, 138.11746987951807), (1882, 35.85479452054795, 134.586301369863), (1883, 37.712574850299404, 145.69161676646706)]
CA006104185, [(1880, 24.311475409836067, 126.30601092896175), (1881, 24.424657534246574, 127.7041095890411), (1882, 24.512328767123286, 121.16986301369863), (1883, 4.189041095890411, 101.58630136986301), (1884, 16.497267759562842, 106.96448087431693), (1885, 3.6575342465753424, 92.91232876712328), (1886, 16.621917808219177, 106.18082191780822), (1887, 18.482191780821918, 108.46301369863014), (1888, 12.972677595628415, 101.71584699453553), (1889, 33.35068493150685, 113.04657534246576)]
CA006105976, [(1889, -59.52459016393443, 13.950819672131148)]
CA006111766, [(1885, 9.768595041322314, 92.16528925619835), (1886, 7.115068493150685, 113.07945205479452), (1887, 2.649315068493151, 115.52876712328766), (1888, -18.263736263736263, 103.48901098901099), (1889, -1.558904109589041, 115.96986301369863)]
CA006111793, [(1881, 103.9090909090909, 205.11363636363637)]
CA006116254, [(1880, -5.8743169398907105, 105.12021857923497), (1881, -1.8794520547945206, 111.77534246575343), (1882, -2.736986301369863, 104.01369863013699), (1883, -28.39178082191781, 88.1013698630137), (1884, -14.841530054644808, 101.39344262295081), (1885, -31.216438356164385, 86.7095890410959), (1886, -13.901369863013699, 99.72876712328767), (1887, -18.70958904109589, 101.59178082191781), (1888, -22.93169398907104, 89.86065573770492), (1889, 4.032876712328767, 107.97808219178083)]
CA006129850, [(1881, 73.1534090909091, 184.27272727272728), (1882, 23.887671232876713, 127.79178082191781), (1883, -3.0875706214689265, 111.87671232876713), (1884, 12.1448087431694, 120.78688524590164), (1885, -0.5287671232876713, 106.45753424657535), (1886, 14.013698630136986, 119.7041095890411), (1887, 15.542465753424658, 124.64109589041095), (1888, 7.644808743169399, 112.41256830601093), (1889, 26.336986301369862, 127.61643835616438)]
CA006142993, [(1880, 25.806010928961747, 128.34972677595627), (1881, 23.567123287671233, 132.27671232876713), (1882, 20.4, 125.36712328767123), (1883, 0.07417582417582418, 110.1456043956044), (1884, 11.92876712328767, 120.99178082191781), (1885, -1.0328767123287672, 105.44657534246575), (1886, 13.12054794520548, 121.44383561643835)]
CA006148120, [(1881, -29.634615384615383, 44.32692307692308), (1882, 13.097701149425287, 118.98275862068965), (1883, -5.392156862745098, 110.51117318435755), (1884, -1.6064139941690962, 112.74635568513119), (1885, -128.92436974789916, -10.521367521367521)]
CA006158065, [(1889, 36.26865671641791, 127.53618421052632)]
CA008105600, [(1886, -101.64150943396227, -0.4716981132075472), (1887, -26.967845659163988, 94.81957186544342), (1888, -14.170212765957446, 87.21325648414985), (1889, 2.9367469879518073, 112.89714285714285)]
CA008204420, [(1881, 6.426865671641791, 92.62089552238805), (1882, 5.446575342465754, 91.55342465753425), (1883, 8.778082191780822, 101.23287671232876), (1884, 8.480874316939891, 100.6256830601093), (1885, 15.794520547945206, 112.07397260273973), (1886, 27.42032967032967, 129.29395604395606), (1887, 12.868493150684932, 107.6), (1888, 9.633879781420765, 97.67486338797814), (1889, 31.073972602739726, 121.66575342465754)]
CA008403635, [(1889, 55.34975369458128, 126.0935960591133)]
GM000004199, [(1880, 40.26229508196721, 124.02732240437159), (1881, 34.276712328767125, 119.81643835616438), (1882, 38.50410958904109, 126.53972602739726), (1883, 36.52328767123288, 119.56712328767124), (1884, 42.54644808743169, 128.96448087431693), (1885, 36.31780821917808, 125.8054794520548), (1886, 41.224657534246575, 126.61369863013698), (1887, 28.063013698630137, 112.16712328767123), (1888, 33.06284153005465, 113.28688524590164), (1889, 35.78630136986301, 112.7972602739726)]
HRE00105189, [(1880, 131.36338797814207, 192.9344262295082), (1881, 127.56712328767124, 188.7972602739726), (1882, 134.27123287671233, 200.06849315068493), (1883, 128.37808219178083, 193.7917808219178), (1884, 126.95081967213115, 194.35245901639345), (1885, 136.07671232876712, 200.44109589041096), (1886, 135.986301369863, 200.75068493150684), (1887, 130.7068493150685, 199.04657534246576), (1888, 126.94535519125684, 0.0), (1889, 108.74585635359117, 0.0)]
KZ000035700, [(1881, 24.42608695652174, 0.0), (1882, -116.38709677419355, 0.0), (1885, -0.8114754098360656, 43.08139534883721), (1886, 0.0, 118.64657534246575), (1887, 0.0, 244.1138211382114)]
RSM00024944, [(1882, -168.70909090909092, 0.0)]
RSM00024959, [(1888, 9.462962962962964, 127.97619047619048), (1889, -110.3490909090909, 0.0)]
RSM00026063, [(1881, -8.347945205479451, 67.18956043956044), (1882, 13.013698630136986, 0.0), (1883, 4.638356164383562, 69.97520661157024), (1884, -2.0054644808743167, 70.81967213114754), (1885, 3.484931506849315, 78.12328767123287), (1886, 11.35890410958904, 81.6986301369863), (1887, 15.736986301369862, 80.8054794520548), (1888, -16.688524590163933, 56.87978142076503), (1889, 8.145205479452056, 78.76986301369863)]
RSM00026477, [(1881, -25.818791946308725, 53.68227424749164), (1882, 22.011204481792717, 94.00280112044818), (1883, 17.175824175824175, 97.31985294117646), (1884, 15.41795665634675, 107.80745341614907), (1885, 20.38719512195122, 107.60550458715596), (1886, 6.466480446927374, 97.80167597765363), (1887, 21.936507936507937, 109.66031746031746), (1888, -22.275862068965516, 73.253125), (1889, 3.8550724637681157, 106.2316715542522)]
RSM00034163, [(1884, -20.76502732240437, 0.0)]
RSM00034880, [(1881, 48.72054794520548, 138.42191780821918), (1882, 58.9013698630137, 149.0), (1883, 50.865753424657534, 149.44383561643835), (1884, 49.14754098360656, 143.53551912568307), (1885, 46.37808219178082, 150.33972602739726), (1886, 8.458563535911603, 111.61878453038673), (1889, -113.19354838709677, -62.516129032258064)]
RSM00037472, [(1882, 83.22802197802197, 0.0), (1883, 83.6, 0.0), (1884, 79.05464480874316, 0.0), (1885, 53.983108108108105, 0.0), (1886, 84.03013698630137, 0.0), (1887, 92.5095890410959, 0.0), (1888, 85.39890710382514, 0.0), (1889, 82.81818181818181, 0.0)]
USC00034562, [(1883, 162.864406779661, 302.7345971563981), (1884, 163.15238095238095, 304.0373831775701), (1885, 154.0193548387097, 311.5388888888889), (1886, 177.35658914728683, 321.07042253521126), (1887, 154.10185185185185, 320.96666666666664), (1888, 199.92929292929293, 310.11242603550295), (1889, 158.89221556886227, 286.47513812154693)]
USC00067361, [(1884, -41.01639344262295, 58.01639344262295), (1885, 24.964285714285715, 132.81593406593407), (1886, 27.63141993957704, 131.42296072507554), (1887, 34.06868131868132, 139.78021978021977), (1888, 24.352459016393443, 126.12841530054645), (1889, 48.870523415977964, 145.62809917355372)]
USC00068138, [(1888, 63.52336448598131, 167.39252336448598), (1889, 40.797260273972604, 129.39221556886227)]
USC00090284, [(1883, -25.0, 0.0), (1884, -26.95, 361.0), (1887, -24.375, 0.0), (1888, -22.142857142857142, 0.0), (1889, -20.130434782608695, 0.0)]
USC00175070, [(1885, 118.38709677419355, 239.21875), (1886, -109.10526315789474, 205.42857142857142), (1887, -3.625, 242.1), (1888, -21.7, 226.33333333333334), (1889, -33.22222222222222, 235.21428571428572)]
USC00177827, [(1887, 10.390728476821192, 108.95394736842105), (1888, -180.4, -53.6)]
USC00198374, [(1885, 71.64673913043478, 176.79738562091504), (1886, 38.07123287671233, 157.3945205479452), (1887, 40.714285714285715, 153.85479452054796), (1888, 19.57704918032787, 126.57377049180327), (1889, 56.97260273972603, 157.0986301369863)]
USC00275072, [(1885, 62.70909090909091, 179.57818181818183), (1886, 37.77124183006536, 157.79738562091504), (1887, 19.231197771587745, 123.18994413407822), (1888, 15.942424242424243, 123.13432835820896), (1889, 28.701219512195124, 132.54954954954954)]
USC00276944, [(1887, -44.05434782608695, 60.76086956521739), (1888, -13.532786885245901, 112.32876712328768)]
USC00316103, [(1882, 124.78260869565217, 0.0)]
USC00318500, [(1887, 21.622222222222224, 130.5888888888889)]
USC00354506, [(1887, 35.75471698113208, 187.32075471698113), (1888, -9.5, 110.31651376146789), (1889, 20.49173553719008, 159.85185185185185)]
USC00413270, [(1880, 71.58677685950413, 215.95867768595042)]
USC00464045, [(1883, 88.4, 200.74285714285713), (1884, 50.076502732240435, 166.94535519125682), (1885, 40.273972602739725, 148.18406593406593), (1886, 49.153424657534245, 158.3972602739726), (1887, 59.90684931506849, 167.17260273972602), (1888, 59.78338278931751, 148.31420765027323), (1889, -20.903225806451612, 65.06451612903226)]
USW00013736, [(1880, 77.72131147540983, 171.68852459016392), (1881, 79.78356164383561, 174.2219178082192), (1882, 75.69589041095891, 166.1041095890411), (1883, -21.18888888888889, 77.52222222222223)]
USW00093725, [(1880, 82.8224043715847, 184.05191256830602), (1881, 75.76347305389221, 173.64071856287424), (1882, 82.1972602739726, 177.3068493150685), (1883, 74.31506849315069, 175.42465753424656), (1884, 81.10382513661202, 182.10382513661202), (1885, 55.46027397260274, 168.2931506849315), (1886, 71.98082191780821, 137.4794520547945), (1887, 79.30410958904109, 176.41095890410958), (1888, 73.0464480874317, 169.28415300546447), (1889, 83.17534246575343, 175.21369863013697)]
