AGE00147705, [(1886, 0.0, 154.0), (1887, 145.2, 228.2277777777778), (1888, 149.34615384615384, 224.32417582417582), (1889, 144.26666666666668, 220.3910447761194)]
AGE00147711, [(1886, 110.66887417218543, 227.06270627062707), (1887, 93.9275766016713, 215.0), (1888, 92.55681818181819, 203.810888252149), (1889, 88.80877742946709, 197.95731707317074)]
ASN00035027, [(1889, 193.8860759493671, 319.7037037037037)]
ASN00038003, [(1888, 158.525, 328.0734463276836), (1889, 176.67123287671234, 329.94246575342464)]
CA001100120, [(1889, -13.595744680851064, 65.31914893617021)]
CA001105550, [(1880, 39.055865921787706, 120.70949720670392), (1881, 47.108635097493035, 130.35933147632312), (1882, -19.796610169491526, 30.016949152542374)]
CA004040420, [(1880, -102.40963855421687, 62.44159544159544), (1881, -102.26285714285714, 40.462857142857146), (1882, -117.61224489795919, 3.326530612244898), (1883, -196.5549132947977, -58.60919540229885), (1884, -107.42745098039215, 8.662745098039215), (1885, -290.07142857142856, -188.71428571428572), (1886, -119.77777777777777, -0.1111111111111111)]
CA004056230, [(1884, -163.15841584158414, -14.237623762376238), (1885, -108.13168724279835, 43.5679012345679), (1886, -112.33147632311977, 63.77437325905292), (1887, -88.30258302583026, 65.12177121771218), (1888, -119.921875, 113.52631578947368), (1889, -69.85474860335195, 86.45251396648045)]
CA005012520, [(1883, -118.67826086956522, 6.9), (1884, -82.37362637362638, 41.797814207650276), (1885, -75.15426997245179, 53.0), (1886, -79.04383561643836, 63.30958904109589), (1887, -87.8, 51.78630136986301), (1888, -82.47790055248619, 47.467213114754095), (1889, -66.65934065934066, 88.85989010989012)]
CA005062047, [(1884, 0.0, -45.0), (1885, -315.89230769230767, -215.3030303030303)]
CA006055095, [(1882, -35.78260869565217, 50.09782608695652)]
CA006085023, [(1882, 88.64, 217.12), (1883, -95.42068965517241, 47.234482758620686), (1886, 17.48971193415638, 141.3827160493827), (1887, -47.83934426229508, 113.93548387096774), (1888, -35.21132075471698, 108.45136186770428), (1889, -38.403225806451616, 119.78453038674033)]
CA006102417, [(1880, 19.841216216216218, 144.565371024735), (1881, 60.256410256410255, 184.33185840707964), (1882, -10.03323262839879, 121.87987012987013), (1883, -25.210227272727273, 106.58753709198812), (1884, -1.6254295532646048, 134.7344827586207), (1885, -36.7108843537415, 113.5513698630137)]
CA006108060, [(1880, -28.311475409836067, 100.5792349726776), (1881, -23.03287671232877, 109.96164383561644), (1882, -26.4027397260274, 98.37808219178082), (1883, -51.706849315068496, 83.74246575342465), (1884, -35.37158469945355, 95.30874316939891), (1885, -49.6986301369863, 84.24383561643836), (1886, -40.9013698630137, 95.21643835616439), (1887, -45.24931506849315, 98.4876712328767), (1888, -41.82513661202186, 86.56010928961749), (1889, -16.616438356164384, 106.23835616438356)]
CA006111375, [(1887, -51.12759643916914, 100.74794520547945), (1888, -44.704918032786885, 86.83879781420765), (1889, -20.18384401114206, 105.49025069637884)]
CA006119064, [(1886, -7.451086956521739, 124.64673913043478), (1887, -38.12876712328767, 99.2986301369863), (1888, -53.81693989071038, 93.91808873720136), (1889, -25.03361344537815, 107.26610644257703)]
CA006142284, [(1882, 7.8273972602739725, 108.92328767123287), (1883, -9.26801152737752, 96.95348837209302), (1885, -4.3076923076923075, 96.36438356164383), (1886, 5.989041095890411, 104.04109589041096), (1887, 5.698630136986301, 109.34520547945205), (1888, 2.2868852459016393, 99.90163934426229), (1889, 22.243835616438357, 115.58630136986301)]
CA006153192, [(1880, 32.54644808743169, 140.3415300546448), (1881, 17.84931506849315, 148.86301369863014), (1882, 13.64931506849315, 140.24383561643836), (1883, 0.07945205479452055, 125.9013698630137), (1884, 10.376373626373626, 137.3598901098901), (1885, -5.843406593406593, 121.12087912087912), (1886, 6.336986301369863, 132.7123287671233), (1887, -6.440828402366864, 136.5596590909091), (1888, -58.50847457627118, 55.78846153846154)]
CA006164430, [(1880, 11.304477611940298, 125.7641791044776), (1881, 3.83013698630137, 123.81369863013698), (1882, -0.6328767123287671, 113.94520547945206), (1883, -20.77900552486188, 97.59116022099448), (1884, -9.92054794520548, 113.1978021978022), (1885, -21.578082191780823, 98.69589041095891), (1886, -9.221917808219178, 113.05205479452054), (1887, -10.216438356164383, 116.14520547945206), (1888, -15.819672131147541, 105.44535519125684), (1889, 7.2027397260273975, 113.8986301369863)]
CA006165195, [(1886, -114.98360655737704, -3.7868852459016393), (1887, -38.93698630136986, 115.81643835616438), (1888, -41.377049180327866, 100.5327868852459), (1889, -15.849315068493151, 117.48493150684932)]
CA006166416, [(1880, 6.469178082191781, 126.9090909090909), (1881, 10.316993464052288, 131.77777777777777), (1882, 6.112179487179487, 122.7724358974359), (1883, -7.728155339805825, 107.91585760517799), (1884, 11.141643059490084, 123.11614730878188), (1885, -7.942465753424657, 110.5123287671233), (1886, -3.6016483516483517, 118.82142857142857), (1887, -15.690751445086706, 128.6986301369863)]
CA007016280, [(1880, -14.005464480874316, 90.32786885245902), (1881, -5.635616438356164, 91.45205479452055), (1882, -17.16986301369863, 81.94794520547946), (1883, -27.972602739726028, 74.45753424657535), (1884, -16.07123287671233, 77.83835616438355), (1885, -24.61917808219178, 72.4931506849315), (1886, -18.372602739726027, 80.73424657534247), (1887, -16.794520547945204, 75.6986301369863), (1888, -19.243169398907103, 66.53825136612022), (1889, 1.736986301369863, 85.73972602739725)]
CA008100990, [(1880, -20.51912568306011, 101.30874316939891), (1881, -11.057534246575342, 100.58904109589041), (1882, -20.30958904109589, 94.05205479452054), (1883, -30.745205479452054, 91.64657534246575), (1884, -22.873972602739727, 88.76986301369863), (1885, -22.208219178082192, 96.62191780821918), (1886, -11.627397260273973, 99.92602739726027), (1887, -22.106849315068494, 98.11780821917809), (1888, -19.325136612021858, 90.19125683060109), (1889, 6.934246575342466, 115.27671232876712)]
CA008101170, [(1880, -11.28, 89.25287356321839), (1881, -18.22316384180791, 73.91292134831461), (1882, -28.766016713091922, 75.79329608938548), (1883, -43.8756906077348, 63.649171270718234), (1884, -37.603305785123965, 64.73351648351648), (1885, -31.23463687150838, 54.29044117647059), (1886, -24.397759103641455, 82.37254901960785), (1887, -27.80979827089337, 77.05763688760807), (1888, -24.875, 72.86666666666666), (1889, -12.803370786516854, 91.76815642458101)]
CA008101230, [(1880, -123.74193548387096, -24.35483870967742), (1888, -14.827868852459016, 85.39071038251366), (1889, 9.873972602739727, 97.22465753424657)]
CA008101920, [(1883, 42.33898305084746, 132.70056497175142), (1884, 13.775956284153006, 99.34426229508196), (1885, 9.772602739726027, 97.06301369863014), (1886, 17.112328767123287, 105.36164383561643), (1887, 8.64931506849315, 102.35890410958905), (1888, 4.7650273224043715, 92.43442622950819), (1889, 24.747945205479454, 111.55068493150685)]
CA008103825, [(1886, 32.08988764044944, 151.12359550561797), (1887, -11.937125748502995, 100.26726726726727), (1888, -25.114754098360656, 56.09836065573771), (1889, -8.58904109589041, 101.52328767123288)]
CA008206410, [(1880, -37.53947368421053, 67.92105263157895), (1881, 21.284900284900285, 103.45425867507886), (1882, 10.143250688705233, 101.63461538461539), (1883, -135.10526315789474, 69.56424581005587)]
CA008300298, [(1880, 3.271978021978022, 91.6456043956044), (1881, 6.145205479452055, 89.75274725274726), (1882, -1.1232876712328768, 85.38356164383562), (1883, -4.336986301369863, 87.36986301369863), (1884, -5.60655737704918, 84.61748633879782), (1885, -0.07945205479452055, 92.32876712328768), (1886, -33.29834254143646, 61.92265193370166), (1888, 54.54347826086956, 125.35326086956522), (1889, 30.15068493150685, 107.17260273972603)]
CA008300430, [(1889, 35.3, 122.68571428571428)]
CA008500500, [(1884, -9.974452554744525, 34.306569343065696), (1885, -23.159779614325068, 16.713498622589533), (1886, -26.054131054131055, 17.59259259259259), (1887, -38.31232876712329, 5.958904109589041), (1888, -37.79234972677595, 20.40983606557377), (1889, -24.21511627906977, 26.441860465116278)]
DA000032030, [(1880, 53.33879781420765, 102.08196721311475), (1881, 41.05205479452055, 87.3972602739726), (1882, 61.726027397260275, 107.42191780821918), (1883, 50.78082191780822, 96.6082191780822), (1884, 57.4344262295082, 105.6584699453552), (1885, 53.153424657534245, 100.08219178082192), (1886, 52.536986301369865, 104.00821917808219), (1887, 51.49589041095891, 99.64931506849315), (1888, 41.521857923497265, 83.62290502793296), (1889, 50.057534246575344, 96.37808219178082)]
HRE00105182, [(1880, 41.306569343065696, 139.62408759124088)]
KZ000035188, [(1884, -8.494565217391305, 0.0), (1885, -45.01796407185629, 0.0)]
RSM00032061, [(1881, -45.53611111111111, 0.0), (1882, -40.583561643835615, 0.0), (1883, -54.704109589041096, 0.0), (1884, -68.38251366120218, 0.0), (1885, -64.02465753424657, 0.0), (1886, -44.843835616438355, 0.0), (1887, -53.52054794520548, 0.0), (1888, -48.35245901639344, 0.0), (1889, -66.36712328767123, 0.0)]
UK000003026, [(1880, 54.516417910447764, 110.76785714285714), (1881, 40.90958904109589, 98.95342465753424), (1882, 51.1945205479452, 107.4423076923077), (1883, 49.3502994011976, 105.91044776119404), (1884, 50.994535519125684, 109.40710382513662), (1885, 41.23013698630137, 99.8958904109589), (1886, 39.298630136986304, 102.2), (1887, 45.64657534246575, 105.77260273972603), (1888, 43.05191256830601, 101.33060109289617), (1889, 50.75068493150685, 109.16712328767123)]
UK000056225, [(1880, 59.967213114754095, 134.1120218579235), (1881, 55.22802197802198, 132.85479452054796), (1882, 64.47397260273972, 138.3041095890411), (1883, 62.02465753424657, 136.5013698630137), (1884, 64.82513661202186, 144.28688524590163), (1885, 54.172602739726024, 129.56712328767122), (1886, 55.8027397260274, 129.5945205479452), (1887, 46.00547945205479, 129.06849315068493), (1888, 52.0, 122.8688524590164), (1889, 54.93972602739726, 128.45205479452054)]
USC00011685, [(1889, 180.140350877193, 310.87719298245617)]
USC00030936, [(1883, 191.14814814814815, 298.19417475728153), (1884, 137.75, 296.73015873015873), (1885, 187.568345323741, 307.0508474576271), (1886, 176.38181818181818, 298.97076023391816), (1887, 215.51470588235293, 326.09027777777777), (1888, 193.86486486486487, 302.6857142857143), (1889, 174.54807692307693, 279.0761904761905)]
USC00134049, [(1883, 87.68727272727273, 151.95636363636365), (1884, 58.15223880597015, 119.5223880597015), (1885, 33.26301369863014, 93.54246575342465), (1886, 47.446575342465756, 112.07123287671233), (1887, 44.4027397260274, 111.85753424657534), (1888, -189.80645161290323, -121.41935483870968)]
USC00172740, [(1886, 5.814814814814815, 125.08389261744966), (1887, -3.9461756373937678, 123.90462427745665), (1888, -10.634349030470915, 103.85164835164835), (1889, 22.451612903225808, 161.29032258064515)]
USC00190830, [(1889, 64.75342465753425, 146.65753424657535)]
USC00193110, [(1885, 51.282722513089006, 172.61780104712042), (1886, 20.140056022408963, 136.18384401114207), (1887, 7.976109215017065, 117.36054421768708), (1888, -12.824074074074074, 108.50308641975309), (1889, 30.27094972067039, 140.18055555555554)]
USC00194295, [(1885, 41.29752066115702, 132.6749311294766), (1886, 45.97808219178082, 128.73698630136985), (1887, 51.413698630136984, 132.56986301369864), (1888, 42.013661202185794, 123.80054644808743), (1889, 67.16712328767123, 135.77260273972604)]
USC00194313, [(1885, 146.09677419354838, 241.4516129032258), (1889, 45.137362637362635, 146.18356164383562)]
USC00194340, [(1885, -40.16129032258065, 117.00833333333334), (1886, 32.42089552238806, 133.5917808219178), (1887, 12.613698630136986, 133.92328767123288), (1888, -0.0273224043715847, 119.79234972677595), (1889, 25.646575342465752, 139.0054794520548)]
USC00194760, [(1885, 42.36986301369863, 129.07397260273973), (1886, 37.48559670781893, 121.65432098765432), (1887, -47.3728813559322, 38.260504201680675)]
USC00198960, [(1885, 78.8663101604278, 201.85714285714286), (1886, 34.987096774193546, 155.86996904024767), (1887, 25.35542168674699, 146.10919540229884), (1888, 15.333333333333334, 136.84984984984985), (1889, 44.52842809364549, 147.65814696485623)]
USC00200718, [(1888, -33.0, 72.0)]
USC00201744, [(1889, 63.459016393442624, 176.40983606557376)]
USC00205065, [(1888, 59.17934782608695, 130.55434782608697), (1889, 32.9041095890411, 104.93972602739726)]
USC00241008, [(1880, 72.0, 239.0)]
USC00263040, [(1888, -34.06666666666667, 117.6896551724138), (1889, 27.201117318435752, 179.22128851540617)]
USC00268761, [(1887, -60.645161290322584, 74.1923076923077), (1889, 82.96846846846847, 187.94117647058823)]
USC00270690, [(1886, 11.895238095238096, 162.5528846153846), (1887, -29.22099447513812, 123.35714285714286), (1888, -29.629834254143645, 104.12154696132596), (1889, 25.65568862275449, 146.64670658682635)]
USC00275712, [(1885, -10.945652173913043, 89.8913043478261), (1886, 21.852054794520548, 144.34520547945206), (1887, 19.70958904109589, 137.63835616438357), (1888, 17.16716417910448, 135.17611940298508), (1889, 35.8054794520548, 148.64931506849314)]
USC00287865, [(1880, 81.6311475409836, 127.06557377049181), (1881, 81.94246575342466, 157.34246575342465), (1882, 80.18082191780822, 149.3945205479452), (1883, 81.97032640949556, 155.57566765578636), (1884, 76.98907103825137, 152.55464480874318), (1885, 67.01369863013699, 147.92602739726027), (1886, 83.51497005988024, 141.5119760479042)]
USC00331662, [(1880, 57.42622950819672, 143.30327868852459), (1881, 58.276712328767125, 139.27123287671233), (1882, 56.27945205479452, 138.2), (1883, 41.865753424657534, 132.32876712328766), (1884, 48.15300546448088, 137.58743169398906), (1885, 36.364383561643834, 124.7068493150685), (1886, 44.6, 136.7068493150685), (1887, 49.23013698630137, 141.4794520547945), (1888, 47.060109289617486, 132.73224043715848), (1889, 59.8054794520548, 140.64657534246575)]
USC00363711, [(1888, 89.90760869565217, 172.52173913043478), (1889, 69.56438356164384, 153.26575342465753)]
USC00444876, [(1889, 91.79906542056075, 215.83177570093457)]
USC00462735, [(1889, 105.15217391304348, 166.54347826086956)]
USC00485355, [(1881, 878.0, 44.0)]
USW00024274, [(1880, 61.568306010928964, 148.97540983606558), (1881, 74.21917808219177, 158.7780821917808), (1882, 69.46301369863014, 162.013698630137), (1883, 69.30684931506849, 165.14794520547946), (1884, 64.58743169398907, 164.23224043715848), (1885, 73.43013698630136, 189.44657534246576), (1886, 70.46027397260274, 171.4931506849315), (1887, 65.4986301369863, 162.06849315068493), (1888, 69.7568306010929, 173.1120218579235), (1889, 71.93424657534247, 181.4931506849315)]
USW00053875, [(1880, 114.5846994535519, 207.75409836065575), (1881, 115.65205479452055, 211.85205479452054), (1882, 115.97534246575343, 208.42739726027398), (1883, 113.83287671232877, 214.16438356164383), (1884, 107.99180327868852, 208.3551912568306), (1885, 97.77260273972603, 197.06575342465754), (1886, 92.25205479452055, 199.3068493150685), (1887, 104.66027397260274, 215.75068493150684), (1888, 105.27049180327869, 211.54371584699453), (1889, 102.95616438356164, 213.33424657534246)]
USW00093820, [(1887, -11.491803278688524, 95.09836065573771), (1888, 69.40947075208913, 176.12707182320443), (1889, 84.11428571428571, 180.5742857142857)]
