AGE00147709, [(1884, 95.11748633879782, 189.33018867924528), (1885, 97.69041095890411, 197.72754491017963), (1886, 96.87671232876713, 182.85555555555555), (1887, 96.2958904109589, 183.53424657534248), (1888, 97.2967032967033, 176.82967032967034), (1889, 90.91445427728614, 174.68208092485548)]
AGE00147715, [(1886, 99.94444444444444, 227.25), (1887, 113.0, 266.73366834170855), (1888, 93.30113636363636, 238.87921348314606), (1889, 88.6687306501548, 237.90273556231003)]
ASN00026026, [(1884, 94.87931034482759, 187.10526315789474), (1885, 93.16712328767123, 182.44729344729345), (1886, 91.87945205479453, 187.35616438356163), (1887, 94.06301369863014, 187.1917808219178), (1888, 91.42622950819673, 189.2431693989071), (1889, 94.78904109589041, 191.25753424657535)]
ASN00033046, [(1889, 224.16949152542372, 291.1551724137931)]
ASN00056017, [(1880, 75.8932584269663, 225.62640449438203), (1881, 67.28289473684211, 220.68975903614458), (1882, 60.14159292035398, 221.11209439528022), (1883, 52.16022099447514, 232.4931129476584), (1884, 72.86944444444444, 241.19166666666666), (1885, 116.52452830188679, 243.46212121212122), (1886, 100.75637393767705, 230.6590909090909), (1887, 99.03835616438356, 208.9890410958904), (1888, 89.43989071038251, 220.39890710382514), (1889, 113.90082644628099, 215.05769230769232)]
ASN00074128, [(1880, 85.58441558441558, 233.41479099678457), (1881, 77.69871794871794, 235.74679487179486), (1882, 85.4, 247.8483870967742), (1883, 83.86816720257235, 242.86495176848874), (1884, 75.37179487179488, 252.74358974358975), (1885, 76.87459807073955, 260.5176848874598), (1886, 69.2508038585209, 269.46945337620576), (1887, 77.68589743589743, 270.9392971246006), (1888, 67.95806451612903, 272.84565916398714), (1889, 84.60322580645162, 266.78709677419357)]
CA006105887, [(1880, 6.108333333333333, 120.81111111111112), (1881, -50.064516129032256, 55.70322580645161), (1882, -34.59782608695652, 40.67391304347826), (1883, -17.36986301369863, 89.14246575342466), (1884, -15.857534246575343, 104.37808219178082), (1885, -21.912328767123288, 85.46301369863014), (1886, -8.906849315068493, 92.42465753424658), (1887, -11.535714285714286, 100.4532967032967), (1888, -8.375342465753425, 95.47945205479452), (1889, 6.482191780821918, 112.07671232876713)]
CA006107003, [(1885, 1.79672131147541, 129.33770491803278), (1886, -21.5, 107.96338028169014), (1887, -24.707988980716255, 110.72176308539945), (1888, -14.48396501457726, 117.25217391304348), (1889, -7.915966386554622, 121.88397790055248)]
CA006110549, [(1880, 8.178571428571429, 116.79945054945055), (1881, 8.81043956043956, 124.85989010989012), (1882, 10.038461538461538, 118.4065934065934), (1883, -8.857534246575343, 98.75342465753425), (1884, 2.5835616438356164, 109.11232876712329), (1885, -10.376373626373626, 93.72802197802197), (1886, -0.3259668508287293, 113.8393351800554), (1887, 2.087912087912088, 114.87637362637362)]
CA006113660, [(1880, -42.06716417910448, 86.32835820895522), (1881, -36.8159509202454, 115.2469512195122), (1882, -32.384892086330936, 122.36071428571428), (1883, -29.22222222222222, 97.04746835443038), (1884, -8.47985347985348, 108.82051282051282), (1885, -90.37810945273633, 29.218905472636816)]
CA006136694, [(1880, 34.068306010928964, 140.15300546448088), (1881, 32.95068493150685, 141.92876712328768), (1882, 33.57534246575342, 127.38630136986302), (1883, 9.926027397260274, 126.07558139534883), (1884, 19.97814207650273, 126.33333333333333), (1885, 6.260273972602739, 112.89315068493151), (1886, 21.583561643835615, 125.08493150684932), (1887, 23.69041095890411, 124.87671232876713), (1888, 16.398907103825138, 110.1775956284153), (1889, 33.07945205479452, 125.5013698630137)]
CA006139520, [(1880, 39.3343949044586, 149.64012738853503), (1881, 36.16932907348243, 149.65495207667732), (1882, 37.26282051282051, 144.01282051282053), (1883, 19.511182108626198, 133.56230031948883), (1884, 25.9171974522293, 143.0859872611465), (1885, 13.217252396166135, 128.65495207667732), (1886, 25.156549520766774, 144.89456869009584), (1887, 24.4185303514377, 146.2523961661342)]
CA006143780, [(1880, -35.15533980582524, 59.22018348623853), (1881, 27.395833333333332, 128.03424657534248), (1887, -51.77777777777778, 35.28169014084507), (1888, 7.5182926829268295, 121.52134146341463)]
CA007050200, [(1880, 20.009615384615383, 96.90291262135922), (1881, -13.386430678466077, 49.32941176470588), (1882, -16.627397260273973, 44.4027397260274), (1883, -23.931506849315067, 34.88493150684931), (1884, -27.44808743169399, 30.524590163934427), (1885, -16.068493150684933, 37.97534246575343), (1886, -5.720547945205479, 49.608219178082194), (1887, -14.306849315068494, 40.01917808219178), (1888, -7.076502732240437, 47.59836065573771), (1889, -0.4849315068493151, 53.553424657534244)]
GLE00100981, [(1880, -36.093877551020405, 0.0), (1881, -74.66575342465754, 0.0), (1882, -104.91506849315068, 0.0), (1883, -85.47397260273972, 0.0), (1884, -126.18611111111112, 0.0), (1885, -83.55681818181819, 0.0), (1886, -104.61369863013698, 0.0), (1887, -111.71954674220963, 0.0), (1888, -93.74590163934427, 0.0), (1889, -89.23287671232876, 0.0)]
GM000004063, [(1880, 42.65846994535519, 127.47267759562841), (1881, 37.88493150684931, 118.67671232876712), (1882, 44.10526315789474, 131.51246537396122), (1883, 43.945205479452056, 130.586301369863), (1884, 46.41803278688525, 136.42896174863387), (1885, 40.59452054794521, 135.4794520547945), (1886, 46.71506849315068, 139.73150684931508), (1887, 29.6, 123.26027397260275), (1888, 34.45628415300546, 122.5464480874317), (1889, 39.16986301369863, 125.58082191780822)]
GM000004204, [(1880, 33.63661202185792, 149.81967213114754), (1881, 24.578082191780823, 130.9041095890411), (1882, 43.25479452054795, 141.05479452054794), (1883, 36.85205479452055, 134.2931506849315), (1884, 41.45355191256831, 140.35245901639345), (1885, 31.421917808219177, 132.4986301369863), (1886, 33.676712328767124, 138.3945205479452), (1887, 25.56986301369863, 123.42191780821918), (1888, 29.453551912568305, 127.34699453551913), (1889, 34.49315068493151, 129.04383561643834)]
GME00121258, [(1888, -10.229508196721312, 49.0655737704918), (1889, 42.26849315068493, 125.75616438356164)]
RSM00032071, [(1886, -64.2051282051282, 0.0), (1887, -69.23988439306359, 0.0), (1888, -63.986149584487535, 0.0), (1889, -81.04347826086956, 0.0)]
TSE00147769, [(1886, 140.3840579710145, 233.2626728110599), (1887, 116.95774647887323, 231.7134831460674), (1888, 117.39520958083833, 231.70278637770897), (1889, 116.2262996941896, 229.27051671732522)]
TSE00147775, [(1886, 168.51282051282053, 254.18367346938774), (1887, 155.98554913294797, 229.3984962406015), (1888, 157.72727272727272, 219.51704545454547), (1889, 145.6024096385542, 236.15615615615616)]
TX000038895, [(1889, 48.888888888888886, 0.0)]
USC00171100, [(1888, 30.797385620915033, 117.51633986928104), (1889, 35.8644578313253, 133.11854103343464)]
USC00172426, [(1889, 63.0, 124.8)]
USC00176902, [(1880, 48.833333333333336, 135.327868852459), (1881, 51.01917808219178, 131.18082191780823), (1882, 47.221917808219175, 131.46301369863014), (1883, 33.989041095890414, 125.42191780821918), (1884, 44.61748633879781, 130.39890710382514), (1885, 30.627397260273973, 121.64931506849315), (1886, 26.616438356164384, 111.9041095890411), (1887, 26.54794520547945, 110.62739726027397), (1888, 19.030054644808743, 101.08743169398907), (1889, 42.66849315068493, 119.59178082191781)]
USC00191650, [(1885, 46.49589041095891, 129.13424657534247), (1886, 49.05234159779614, 129.5702479338843), (1887, 46.43013698630137, 128.91232876712328), (1888, 40.64754098360656, 121.57103825136612), (1889, 61.66301369863014, 135.62465753424658)]
USC00200146, [(1887, 48.49065420560748, 176.39252336448598), (1888, -0.07923497267759563, 124.5), (1889, -13.750915750915752, 118.63157894736842)]
USC00260770, [(1889, 64.21632653061225, 178.37551020408162)]
USC00262030, [(1888, 0.0, -140.16666666666666)]
USC00262708, [(1888, 78.98897058823529, 218.5970695970696), (1889, 8.494011976047904, 175.83880597014925)]
USC00279307, [(1886, -21.58, 122.93288590604027), (1887, -2.646067415730337, 111.61148648648648), (1889, -12.453038674033149, 127.11602209944752)]
USC00298072, [(1880, -3.278688524590164, 149.8224043715847), (1881, 41.410828025477706, 173.97452229299364), (1882, 32.950413223140494, 163.7123287671233), (1883, 3.915151515151515, 128.35151515151514), (1884, -59.14705882352941, 53.41935483870968), (1885, 30.663013698630138, 154.85479452054796), (1886, 31.643835616438356, 153.91232876712328), (1887, 35.277472527472526, 160.9945205479452), (1888, 37.73770491803279, 159.2054794520548), (1889, 37.463013698630135, 159.9972602739726)]
USC00301207, [(1888, -72.57777777777778, 116.05405405405405)]
USC00319462, [(1880, 127.06284153005464, 228.24043715846994), (1881, 135.70958904109588, 224.36712328767123), (1882, 136.21917808219177, 221.1917808219178), (1883, 133.56986301369864, 225.17808219178082), (1884, 136.15027322404373, 229.79781420765028), (1885, 123.69589041095891, 220.62739726027397), (1886, 115.44109589041096, 221.86027397260273), (1887, 117.25205479452055, 219.88219178082193), (1888, 122.5, 217.54644808743168), (1889, 127.9013698630137, 216.013698630137)]
USC00343300, [(1880, 94.19398907103825, 219.29234972677597), (1881, 107.58630136986301, 231.2869318181818), (1882, 100.11538461538461, 224.8131868131868), (1883, 93.0702479338843, 223.34297520661158), (1884, 118.97282608695652, 250.34782608695653), (1885, 70.64931506849315, 215.25479452054793), (1886, 94.83561643835617, 227.3890410958904), (1887, 97.69315068493151, 227.2958904109589), (1888, 86.22527472527473, 216.1346153846154), (1889, 94.33424657534246, 220.5013698630137)]
USC00354670, [(1887, 30.09090909090909, 183.9878787878788), (1888, -12.547619047619047, 125.51968503937007)]
USC00456109, [(1880, 43.648648648648646, 137.95810055865923), (1881, 53.09880239520958, 138.45209580838323), (1882, 50.536986301369865, 141.75616438356164), (1883, 52.397260273972606, 146.74246575342465), (1884, 53.53551912568306, 150.35792349726776), (1885, 59.084931506849315, 168.36438356164385), (1886, 53.704109589041096, 155.4931506849315), (1887, 47.15890410958904, 144.1205479452055), (1888, 55.885245901639344, 157.47540983606558), (1889, 54.49315068493151, 165.16164383561645)]
USC00466207, [(1880, 80.82222222222222, 176.125), (1881, 80.30958904109589, 174.22465753424657), (1882, 75.83287671232877, 166.23561643835617), (1883, -21.355555555555554, 77.16666666666667)]
USW00012945, [(1883, 196.2394366197183, 325.92056074766356), (1884, 192.85981308411215, 313.4766355140187), (1885, 198.58695652173913, 301.0869565217391), (1886, 197.00980392156862, 306.4019607843137), (1887, 192.65217391304347, 317.19565217391306), (1888, 193.45054945054946, 297.38461538461536)]
USW00014898, [(1886, -9.049180327868852, 82.71311475409836), (1887, 9.852054794520548, 110.41643835616438), (1888, 4.959016393442623, 98.57650273224044), (1889, 22.06027397260274, 113.27397260273973)]
USW00023271, [(1880, 86.46027397260274, 203.78630136986303), (1881, 99.56164383561644, 214.45479452054795), (1882, 93.37362637362638, 212.28021978021977), (1883, 93.07945205479452, 219.46849315068494), (1884, 98.73497267759562, 211.71038251366122), (1885, 110.64931506849315, 229.6767123287671), (1886, 94.27222222222223, 217.825), (1887, 87.87123287671233, 228.08767123287672), (1888, 97.72328767123288, 230.53698630136986), (1889, 96.44109589041096, 225.21369863013697)]
USW00053919, [(1883, 151.36, 293.58152173913044), (1884, 153.56140350877192, 293.2083333333333), (1885, 172.93023255813952, 301.9022988505747), (1886, 174.6457142857143, 306.1333333333333), (1887, 118.45238095238095, 316.3809523809524), (1888, 116.6875, 242.25), (1889, 103.90322580645162, 257.06451612903226)]
USW00093852, [(1880, 174.2295081967213, 259.0136612021858), (1881, 173.5917808219178, 257.9013698630137), (1882, 174.90684931506848, 258.6082191780822), (1883, 175.6931506849315, 260.7917808219178), (1884, 167.94808743169398, 255.37158469945356), (1885, 159.42191780821918, 247.27671232876713), (1886, 155.86575342465753, 245.43561643835616), (1887, 155.53424657534248, 252.73150684931508), (1888, 159.4808743169399, 257.344262295082), (1889, 151.2931506849315, 253.62465753424658)]
UZM00038457, [(1881, 116.0, 240.63837638376384), (1882, 104.96026490066225, 198.76923076923077), (1883, 105.08088235294117, 216.35029940119762), (1884, 139.34444444444443, 168.28476821192052), (1889, -127.61290322580645, 0.0)]
