AGE00147712, [(1886, 0.0, 170.0), (1887, 79.375, 230.41129032258064), (1888, 106.9882697947214, 249.09117647058824), (1889, 91.06666666666666, 215.9455252918288)]
ASN00048013, [(1880, 123.73546511627907, 283.2093023255814), (1881, 139.91242937853107, 273.59322033898303), (1882, 146.96438356164384, 278.4547945205479), (1883, 145.31666666666666, 288.65277777777777), (1884, 149.28142076502732, 288.3169398907104), (1885, 132.01373626373626, 297.6732394366197), (1886, 127.03835616438356, 289.9972602739726), (1887, 126.83013698630137, 272.827397260274), (1888, 124.42349726775956, 306.827868852459), (1889, 138.62739726027397, 293.4739726027397)]
ASN00063004, [(1880, 64.68939393939394, 202.01520912547528), (1881, 61.52290076335878, 202.04961832061068), (1882, 66.51937984496124, 210.22779922779924), (1883, 58.86821705426357, 203.09652509652508), (1884, 62.44615384615385, 216.15), (1885, 62.130434782608695, 219.4496124031008), (1886, 66.74524714828897, 211.35361216730038), (1887, 70.53076923076924, 198.77692307692308), (1888, 55.08880308880309, 228.84942084942085), (1889, 71.66153846153846, 223.46153846153845)]
ASN00072151, [(1880, 90.6412213740458, 241.63846153846154), (1881, 89.10526315789474, 225.0), (1882, 63.44656488549618, 228.23282442748092), (1883, 49.28957528957529, 227.58687258687257), (1884, 74.73817034700315, 241.02523659305993), (1885, 80.72757475083057, 240.53177257525084), (1886, 83.14285714285714, 218.99293286219083), (1887, 69.52631578947368, 232.8345864661654), (1888, 48.475095785440615, 255.81992337164752), (1889, 93.14606741573034, 249.98876404494382)]
ASN00086071, [(1880, 99.3415300546448, 194.05191256830602), (1881, 95.26575342465753, 194.9150684931507), (1882, 95.13424657534246, 198.4849315068493), (1883, 97.67123287671232, 199.92054794520547), (1884, 92.66939890710383, 192.9016393442623), (1885, 95.03835616438356, 189.72602739726028), (1886, 90.45753424657535, 191.16712328767125), (1887, 99.77260273972603, 190.45753424657534), (1888, 92.98907103825137, 192.77868852459017), (1889, 99.66027397260274, 195.3095890410959)]
CA001090660, [(1888, -22.35223880597015, 110.15625), (1889, -21.29639889196676, 80.1606648199446)]
CA003012195, [(1880, -39.47674418604651, 76.27906976744185), (1881, -70.70890410958904, 44.43728813559322), (1882, -53.17796610169491, 75.05633802816901), (1883, -64.55014326647564, 71.59312320916905), (1884, -60.01652892561984, 78.65564738292011), (1885, -42.40547945205479, 96.16712328767123), (1886, -53.556164383561644, 83.16712328767123), (1887, -76.25641025641026, 65.29235880398672), (1888, -47.060109289617486, 77.54098360655738), (1889, -15.112328767123287, 116.6054794520548)]
CA003033879, [(1886, 35.877450980392155, 168.83333333333334), (1887, -208.72881355932202, -99.89830508474576)]
CA003050520, [(1887, -193.41176470588235, -74.17647058823529), (1888, -134.1931818181818, -7.034090909090909), (1889, -86.03973509933775, 59.794701986754966)]
CA003072657, [(1883, -181.83132530120483, -109.92682926829268), (1884, -82.10684931506849, 23.189560439560438), (1885, -71.28531855955679, 22.448467966573816), (1886, -89.40495867768595, -4.002754820936639), (1887, -188.125, -106.06008583690988), (1888, -49.58361774744027, 34.59154929577465), (1889, -67.59025787965616, 24.616045845272208)]
CA004013400, [(1880, -278.11842105263156, -142.58441558441558)]
CA005010977, [(1889, -45.23835616438356, 83.82465753424657)]
CA005012279, [(1886, -31.484662576687118, 115.3689024390244), (1887, -128.82165605095543, 67.60915492957747), (1888, -48.95505617977528, 64.88764044943821), (1889, -11.343971631205674, 124.69675090252707)]
CA005012540, [(1885, -10.889795918367346, 133.3045267489712), (1886, -60.68956043956044, 94.63013698630137), (1887, -68.47123287671234, 77.0989010989011), (1888, -63.49726775956284, 78.03551912568307), (1889, -42.52054794520548, 108.9013698630137)]
CA006092915, [(1882, -104.16071428571429, -16.767857142857142)]
CA006118187, [(1888, 48.00483091787439, 149.47846889952154), (1889, -6.968652037617555, 94.96865203761756)]
CA006137147, [(1885, -12.209302325581396, 69.23529411764706), (1886, 16.284122562674096, 129.47353760445682), (1887, 17.754820936639117, 132.54820936639118), (1888, 6.549180327868853, 121.8360655737705), (1889, 24.052054794520547, 138.0082191780822)]
CA006137735, [(1880, 25.694267515923567, 138.34076433121018), (1881, 23.910543130990416, 137.1597444089457), (1882, 24.883870967741935, 129.33225806451614), (1883, 8.968152866242038, 119.56687898089172), (1884, 14.041533546325878, 126.98722044728434), (1885, 4.779552715654952, 108.78594249201278), (1886, 18.361022364217252, 118.03833865814697), (1887, 19.30031948881789, 124.6964856230032), (1888, -123.8125, -27.395833333333332)]
CA006141095, [(1880, -1.6133333333333333, 124.01944444444445), (1881, 18.728021978021978, 129.1046831955923), (1882, 17.38150289017341, 119.92173913043479), (1883, -5.837988826815643, 103.12813370473538), (1884, 1.129120879120879, 118.90934065934066), (1885, 13.86, 131.32), (1886, 6.345505617977528, 120.35028248587571), (1887, 6.583333333333333, 126.91944444444445), (1888, 0.7837078651685393, 113.7247191011236), (1889, 16.911428571428573, 120.76790830945559)]
CA006144470, [(1880, 24.25824175824176, 116.28333333333333), (1881, 26.058282208588956, 134.52147239263803), (1882, 19.73860182370821, 124.78353658536585), (1883, 0.6646884272997032, 112.87761194029851), (1884, -0.08256880733944955, 117.4329268292683), (1885, -6.305882352941176, 105.81231671554252), (1886, -6.609427609427609, 102.13898305084746), (1887, 1.1628664495114007, 108.9640522875817), (1888, -9.537267080745341, 99.6269592476489), (1889, -7.315789473684211, 94.55263157894737)]
CA006148100, [(1880, 15.829608938547485, 119.49162011173185), (1881, 13.808219178082192, 129.16438356164383), (1882, 5.047197640117994, 108.42182890855457), (1883, -5.742465753424658, 104.17260273972603), (1884, 3.9972602739726026, 114.6027397260274), (1885, -7.5917808219178085, 98.1945205479452), (1886, 8.073972602739726, 111.4904109589041), (1887, 3.451523545706371, 115.42382271468144), (1888, -1.5867768595041323, 105.58126721763085)]
CA006164297, [(1880, 32.268595041322314, 0.0), (1881, 13.901360544217686, 0.0), (1882, 10.002898550724638, 0.0), (1883, -17.370588235294118, 155.65437788018434), (1884, -6.307926829268292, 153.27678571428572), (1885, -26.06687898089172, 100.6118881118881), (1886, -22.510135135135137, 129.48598130841123), (1887, -21.567307692307693, 84.54304635761589), (1888, -17.842261904761905, 94.24404761904762), (1889, 14.424242424242424, 114.32782369146005)]
CA008103100, [(1881, 50.29447852760736, 112.37423312883436), (1882, -90.08403361344538, -22.361344537815125)]
CA008104600, [(1880, 24.80952380952381, 104.05191256830601), (1881, 17.89041095890411, 102.13698630136986), (1882, 6.008219178082192, 98.35616438356165), (1883, -2.9945205479452053, 94.47671232876712), (1884, 3.978142076502732, 97.93715846994536), (1885, -0.0410958904109589, 97.22465753424657), (1886, 4.671232876712328, 105.6082191780822), (1887, 0.9424657534246575, 100.21369863013699), (1888, -0.1092896174863388, 92.62295081967213), (1889, 18.561643835616437, 113.88219178082191)]
CA008200300, [(1880, -15.714776632302405, 96.01027397260275), (1881, -3.6955128205128207, 103.0576923076923), (1882, 22.965986394557824, 103.61754385964912), (1883, -26.395061728395063, 83.82644628099173), (1884, -2.5532646048109964, 106.42268041237114), (1885, -111.72093023255815, 3.011627906976744)]
CA008401600, [(1880, 30.027322404371585, 63.46994535519126)]
CYE00100074, [(1881, 138.73793103448276, 275.9597315436242), (1882, 84.61581920903954, 220.86524822695034), (1883, 67.87037037037037, 262.36164383561646), (1884, 97.44267515923566, 266.1878453038674), (1885, 119.03370786516854, 274.87772925764193), (1886, 108.99178082191781, 274.6868131868132), (1887, 118.9041095890411, 262.6191780821918), (1888, 124.93169398907104, 257.57923497267757), (1889, 135.24786324786325, 263.0412087912088)]
DA000025140, [(1880, 55.58126721763085, 113.04383561643836), (1881, 36.895890410958906, 91.91780821917808), (1882, 59.20879120879121, 109.73150684931507), (1883, 52.04931506849315, 105.84109589041095), (1884, 56.494535519125684, 113.79234972677595), (1885, 46.07397260273972, 100.40821917808219), (1886, 46.032876712328765, 100.41917808219178), (1887, 42.602739726027394, 99.67397260273972), (1888, 41.0, 91.39071038251366), (1889, 52.47945205479452, 107.84657534246575)]
EIE00101859, [(1880, 65.0327868852459, 139.19672131147541), (1881, 61.12181303116147, 127.78753541076487), (1882, 49.23913043478261, 98.97826086956522), (1883, 65.11849710982659, 129.71098265895955), (1884, 72.27123287671233, 134.5136612021858), (1885, 63.85753424657534, 130.31506849315068), (1886, 66.25479452054795, 128.55616438356165), (1887, 65.73972602739725, 137.96712328767123), (1888, 67.7817679558011, 133.2258953168044), (1889, 72.71703296703296, 137.3543956043956)]
GG000037545, [(1881, 73.63287671232877, 0.0), (1882, 79.6556886227545, 0.0), (1883, 75.44383561643835, 0.0), (1884, 71.19672131147541, 0.0), (1885, 74.16164383561645, 0.0), (1886, 72.37808219178082, 0.0), (1887, 77.95616438356164, 0.0), (1888, 77.92349726775956, 215.1413043478261), (1889, 92.7185628742515, 200.03892215568862)]
GM000003319, [(1880, 61.978142076502735, 140.35245901639345), (1881, 48.38082191780822, 125.21095890410959), (1882, 59.33150684931507, 137.9808219178082), (1883, 41.33424657534247, 129.4849315068493), (1884, 46.68852459016394, 137.30327868852459), (1885, 41.463013698630135, 126.40821917808219), (1886, 39.0027397260274, 131.13972602739727), (1887, 49.657534246575345, 121.66027397260274), (1888, 45.48360655737705, 115.98360655737704), (1889, 55.93698630136986, 124.82465753424657)]
HR000142360, [(1881, 62.33698630136986, 139.58356164383562), (1882, 74.46849315068494, 159.6054794520548), (1883, 64.2904109589041, 143.77534246575343), (1884, 68.77595628415301, 149.39617486338798), (1885, 75.21917808219177, 156.75890410958905), (1886, 71.19658119658119, 149.2193732193732), (1887, 65.84383561643835, 146.3123287671233), (1888, 58.73497267759563, 139.34426229508196), (1889, 67.40547945205479, 138.34246575342465)]
RSM00029263, [(1884, -60.82779456193354, 0.0), (1885, -75.18904109589042, 0.0), (1886, -66.7013698630137, 0.0), (1887, -73.16438356164383, 163.77011494252875), (1888, -77.4375, 0.0), (1889, -78.34246575342466, 0.0)]
RSM00031369, [(1881, -260.82142857142856, 0.0), (1883, -14.766666666666667, 0.0), (1884, -83.46666666666667, 0.0), (1885, -79.15702479338843, 0.0), (1886, -61.00568181818182, 0.0), (1887, -64.48474576271187, 0.0), (1888, -60.90633608815427, 0.0), (1889, -59.17065868263473, 0.0)]
TX000038763, [(1883, 211.25, 0.0), (1885, 56.59322033898305, 199.0), (1889, 61.98913043478261, 0.0)]
USC00090430, [(1884, 129.4, 250.78775510204082), (1885, 86.02465753424657, 201.74794520547945), (1886, 92.55068493150685, 203.45205479452054), (1887, 97.56712328767124, 198.5808219178082), (1888, 106.56557377049181, 222.84426229508196), (1889, 113.68493150684931, 214.6027397260274)]
USC00117391, [(1880, 151.6413043478261, 281.9347826086956), (1888, -43.58064516129032, 53.45161290322581), (1889, 44.654794520547945, 158.46027397260275)]
USC00192010, [(1885, 3.265625, 0.0), (1886, -15.75414364640884, 4.387096774193548), (1887, 4.161184210526316, 112.52805280528052), (1888, 18.75414364640884, 128.95580110497238), (1889, 39.010989010989015, 144.87016574585635)]
USC00195145, [(1888, 134.79508196721312, 222.88333333333333), (1889, 97.40579710144928, 165.44174757281553)]
USC00197122, [(1889, 180.55737704918033, 244.49180327868854)]
USC00215638, [(1886, -9.591780821917808, 103.41208791208791), (1887, -17.575342465753426, 95.30684931506849), (1888, -13.502732240437158, 86.67397260273972), (1889, 3.336986301369863, 115.52876712328766)]
USC00263515, [(1887, -33.07692307692308, 60.175), (1888, -2.4257425742574257, 127.79), (1889, 105.20276497695852, 261.6857142857143)]
USC00271678, [(1884, -46.57377049180328, 52.36065573770492), (1885, 15.276712328767124, 124.92876712328767), (1886, 24.942465753424656, 132.8027397260274), (1887, 25.80821917808219, 128.4027397260274), (1888, 17.469945355191257, 119.47814207650273), (1889, 35.23835616438356, 139.3901098901099)]
USC00278440, [(1886, 30.936893203883496, 178.1504854368932), (1887, -8.063186813186814, 133.7041095890411), (1888, -10.844262295081966, 121.74590163934427), (1889, 0.0, 322.0)]
USC00278854, [(1885, 42.840375586854464, 160.11057692307693), (1886, 0.949438202247191, 113.87845303867404), (1887, 5.88515406162465, 111.17058823529412), (1888, -15.397553516819572, 105.18983050847457), (1889, 14.927007299270073, 112.61924686192468)]
USC00278875, [(1885, 44.90217391304348, 150.2336956521739), (1886, -106.03389830508475, -32.13559322033898)]
USC00300958, [(1886, 30.184782608695652, 119.27173913043478), (1887, 74.07756232686981, 158.05277777777778), (1888, 26.113300492610836, 81.34358974358975), (1889, 45.99173553719008, 116.7457627118644)]
USC00307633, [(1885, 82.13071895424837, 154.86928104575162), (1886, 63.057534246575344, 142.0191780821918), (1887, 65.53972602739726, 144.24657534246575), (1888, 57.478142076502735, 136.0), (1889, 21.278145695364238, 97.98675496688742)]
USC00313228, [(1882, 0.0, -27.0)]
USC00406012, [(1883, 20.5, 138.45)]
USC00413257, [(1880, 118.80601092896175, 234.54644808743168), (1881, 115.32463768115942, 221.04347826086956), (1882, 113.95541401273886, 243.38535031847132), (1883, -8.26530612244898, 137.9387755102041)]
USW00013872, [(1880, 15.403846153846153, 116.11320754716981), (1887, 79.34979423868313, 184.89711934156378), (1889, 73.39944134078212, 190.60055865921788)]
USW00014838, [(1880, 4.912568306010929, 105.44262295081967), (1881, 2.5835616438356164, 79.5041095890411), (1882, 14.95068493150685, 106.53892215568862), (1883, -32.83287671232877, 82.01369863013699), (1884, -97.74590163934427, 9.073770491803279), (1885, 14.065573770491802, 108.99346405228758), (1886, -0.810958904109589, 97.94246575342466), (1887, 9.625748502994012, 103.06586826347305), (1888, -10.327868852459016, 75.5792349726776), (1889, 13.389041095890411, 96.01095890410959)]
