AGE00147718, [(1880, 147.88251366120218, 306.6078431372549), (1881, 157.99701492537312, 283.8123076923077), (1882, 139.66575342465754, 271.7698630136986), (1883, 127.04109589041096, 274.2225433526012), (1885, 147.18662952646238, 270.0640668523677), (1886, 145.8598901098901, 266.3924418604651), (1887, 142.98076923076923, 268.5665722379603), (1888, 152.98333333333332, 277.3388888888889), (1889, 145.0904109589041, 268.71625344352617)]
CA001066336, [(1886, 57.160377358490564, 130.1822429906542), (1887, 12.017241379310345, 90.64835164835165), (1888, 33.37003058103976, 104.36612021857924), (1889, 37.21369863013699, 115.3013698630137)]
CA004019070, [(1884, -90.084388185654, 33.244725738396625)]
CA005011760, [(1880, 0.0, -144.05882352941177), (1881, -28.142045454545453, 55.106849315068494), (1882, -57.06849315068493, 61.945205479452056), (1883, -91.8958904109589, 37.6), (1884, -83.2103825136612, 45.00819672131148), (1885, -80.2986301369863, 54.81917808219178), (1886, -79.1917808219178, 69.03287671232877), (1887, -86.02465753424657, 57.515068493150686), (1888, -76.51092896174863, 58.17486338797814), (1889, -52.917808219178085, 100.69589041095891)]
CA006085682, [(1887, -139.25806451612902, -36.774193548387096), (1888, -60.8671096345515, 91.4717607973422), (1889, -26.9811320754717, 109.08962264150944)]
CA006113000, [(1880, 0.13424657534246576, 110.23013698630137), (1881, 4.337912087912088, 115.71703296703296), (1882, 4.233516483516484, 107.68406593406593), (1883, -17.202739726027396, 93.23351648351648), (1884, -4.975342465753425, 106.88219178082191), (1885, -20.794520547945204, 91.10989010989012), (1886, -4.03013698630137, 102.77808219178083), (1887, -7.7162534435261705, 114.44903581267218), (1888, -17.636111111111113, 98.075), (1889, 2.3287292817679557, 116.65013774104683)]
CA006124127, [(1880, 33.78947368421053, 127.90883977900552), (1881, -41.53146853146853, 125.38028169014085), (1882, 0.0, 123.76571428571428), (1883, 36.296551724137935, 107.92613636363636), (1884, 23.370473537604457, 117.70752089136491), (1885, 9.306358381502891, 106.22543352601156), (1886, 28.01197604790419, 121.08083832335329), (1888, 1.4325153374233128, 99.7760736196319), (1889, 29.501483679525222, 121.19584569732937)]
CA006124700, [(1886, 53.546728971962615, 163.093896713615), (1887, 12.852054794520548, 122.84657534246575), (1888, 3.6346153846153846, 110.9945205479452), (1889, 22.254794520547946, 124.04109589041096)]
CA006136643, [(1880, 40.46448087431694, 121.37978142076503), (1881, 38.63835616438356, 125.37808219178082), (1882, 39.36164383561644, 120.38356164383562), (1883, 19.12054794520548, 104.81369863013698), (1884, 30.7103825136612, 112.6256830601093), (1885, 16.517808219178082, 102.73150684931507), (1886, 29.235616438356164, 113.4958904109589), (1887, 29.764383561643836, 123.63013698630137), (1888, 20.93169398907104, 112.16666666666667), (1889, 39.15890410958904, 130.54520547945205)]
CA006139445, [(1880, -3.1311475409836067, 74.78703703703704), (1881, 16.01851851851852, 125.16666666666667), (1882, -21.66393442622951, 72.9672131147541), (1883, 8.118457300275482, 115.16804407713498), (1884, 14.603351955307263, 118.70111731843575), (1885, 0.02556818181818182, 103.52991452991454), (1886, 18.483870967741936, 119.60410557184751)]
CA006155876, [(1882, 18.941176470588236, 106.59663865546219), (1883, 4.183561643835616, 99.62912087912088), (1884, 8.132231404958677, 118.10989010989012), (1885, -1.3424657534246576, 107.40934065934066), (1886, 10.265193370165745, 113.17403314917127), (1887, 9.30110497237569, 117.49447513812154), (1888, -30.008196721311474, 70.04098360655738), (1889, 20.575342465753426, 121.56712328767124)]
CA006165716, [(1880, 9.114369501466276, 116.02932551319648), (1882, 13.695652173913043, 168.1604938271605), (1884, 9.829090909090908, 144.04727272727274), (1885, -12.254098360655737, 133.95901639344262), (1886, -13.601719197707736, 137.2327868852459), (1887, -34.63013698630137, 112.21917808219177), (1888, -35.71947194719472, 79.92079207920793), (1889, 8.570605187319885, 103.82492581602374)]
CA007021952, [(1880, -22.707650273224044, 88.28142076502732), (1881, -17.464285714285715, 89.09615384615384), (1882, -31.09041095890411, 74.55890410958904), (1883, -45.676712328767124, 68.86027397260274), (1884, -29.80327868852459, 78.33060109289617), (1885, -36.86813186813187, 80.36263736263736), (1886, -30.28021978021978, 82.70604395604396), (1887, -37.66575342465753, 77.38630136986302), (1888, -37.17213114754098, 65.98087431693989), (1889, -17.03835616438356, 90.83561643835617)]
CA007024280, [(1888, -89.9, -3.607843137254902), (1889, -10.550595238095237, 99.92307692307692)]
CA007066688, [(1888, 5.783882783882784, 102.00732600732601), (1889, -21.87945205479452, 73.84657534246575)]
CA008200150, [(1880, -57.935483870967744, 0.0), (1881, -39.26775956284153, 17.785714285714285), (1882, -14.825, 114.31899641577061), (1883, -25.854166666666668, 119.88333333333334), (1885, 24.322580645161292, 139.6451612903226), (1886, -45.5472972972973, 80.61486486486487), (1887, 69.51724137931035, 197.17241379310346), (1888, -82.93939393939394, 6.967741935483871)]
CA008205988, [(1880, -6.401639344262295, 113.03825136612022), (1881, -0.8622589531680441, 107.98618784530387), (1882, -5.458563535911602, 103.91735537190083), (1883, -20.635258358662615, 94.42944785276073), (1884, -3.284507042253521, 104.46796657381616), (1885, -3.9519774011299433, 112.57062146892656), (1886, 7.198895027624309, 117.35812672176309), (1887, -3.3333333333333335, 110.31932773109244), (1888, -2.069060773480663, 100.85635359116021), (1889, 17.818181818181817, 125.12947658402204)]
FRE00104937, [(1880, 0.0, 9990.0), (1881, 0.0, 9990.0), (1882, 0.0, 9990.0), (1883, 0.0, 9990.0), (1884, 0.0, 9990.0), (1885, 0.0, 9990.0), (1886, 0.0, 9990.0), (1887, 0.0, 9990.0), (1888, 0.0, 9990.0), (1889, 0.0, 9990.0)]
GM000002698, [(1880, 57.15573770491803, 142.3087431693989), (1881, 53.40821917808219, 137.7041095890411), (1882, 58.087671232876716, 137.28493150684932), (1883, 58.701369863013696, 136.61917808219178), (1884, 62.89890710382514, 146.99180327868854), (1885, 51.3041095890411, 138.43561643835616), (1886, 56.032876712328765, 144.46301369863014), (1887, 38.69315068493151, 128.96986301369864), (1888, 46.0792349726776, 126.95081967213115), (1889, 54.81369863013698, 128.91780821917808)]
GMW00035032, [(1880, 60.59836065573771, 142.06284153005464), (1881, 52.723287671232875, 132.96438356164384), (1882, 60.8, 136.48219178082192), (1883, 58.397260273972606, 136.813698630137), (1884, 64.76775956284153, 144.83879781420765), (1885, 53.8054794520548, 133.75342465753425), (1886, 60.56164383561644, 140.96712328767123), (1887, 48.104109589041094, 125.40273972602739), (1888, 50.177595628415304, 124.22404371584699), (1889, 57.12876712328767, 130.27945205479452)]
KZ000038198, [(1882, 99.70270270270271, 0.0), (1883, 69.47887323943662, 0.0)]
UPM00033345, [(1881, 14.75328947368421, 83.98684210526316), (1882, 36.06575342465754, 115.91232876712328), (1883, 20.20059880239521, 93.16167664670658), (1884, 39.88486842105263, 107.02302631578948), (1885, 34.56986301369863, 116.33424657534246), (1886, 25.876712328767123, 110.15342465753425), (1887, 33.416438356164385, 114.24109589041096), (1888, 15.068306010928962, 104.3688524590164), (1889, 32.038356164383565, 112.4931506849315)]
USC00033466, [(1887, -13.774193548387096, 141.78571428571428), (1888, 95.37808219178082, 0.0), (1889, 99.80494505494505, 246.20520231213874)]
USC00144559, [(1880, 48.94505494505494, 91.42857142857143), (1881, 88.07843137254902, -352.5211267605634)]
USC00194875, [(1885, 7.558904109589041, 136.33698630136988), (1886, 13.24931506849315, 142.2821917808219), (1887, 15.819178082191781, 142.35616438356163), (1888, 7.254098360655738, 131.3169398907104), (1889, 40.49258160237389, 160.4807121661721)]
USC00200032, [(1887, -42.794520547945204, 78.27027027027027), (1888, 9.364383561643836, 140.1639344262295), (1889, 6.372093023255814, 118.8543046357616)]
USC00207097, [(1889, 46.596774193548384, 155.43548387096774)]
USC00254812, [(1882, -28.425, -256.275)]
USC00267835, [(1887, -44.5, 147.88524590163934), (1888, 66.13333333333334, 322.1333333333333)]
USC00277060, [(1886, 29.153191489361703, 166.86666666666667), (1887, 3.2344322344322345, 125.28937728937728)]
USC00324418, [(1881, 167.0, 283.0)]
USC00435733, [(1887, 18.284313725490197, 131.48692810457516), (1888, -10.702185792349727, 95.7103825136612), (1889, 9.101369863013698, 112.40821917808219)]
USC00481816, [(1881, 100.0, 267.0)]
USW00094728, [(1880, 75.76229508196721, 156.9863387978142), (1881, 73.44657534246575, 152.56164383561645), (1882, 73.3972602739726, 146.64383561643837), (1883, 62.87397260273973, 139.94520547945206), (1884, 75.69398907103825, 149.17534246575343), (1885, 64.59452054794521, 143.36712328767123), (1886, 66.4958904109589, 148.81643835616438), (1887, 64.60164835164835, 146.4945054945055), (1888, 57.221311475409834, 136.84699453551912), (1889, 78.42465753424658, 154.22465753424657)]
